token	freq_train	freq_val	freq_test	freq_all
.	23912	2679	1042	27633
,	16021	1859	482	18362
nya	13474	1566	327	15367
yang	9337	1049	251	10637
dan	7894	858	140	8892
di	7718	855	189	8762
tidak	4399	467	271	5137
saya	4309	418	172	4899
dengan	4025	440	86	4551
makanan	3563	387	11	3961
ini	3540	400	99	4039
tempat	3540	406	22	3968
enak	3525	376	40	3941
untuk	3295	374	57	3726
makan	2826	322	15	3163
juga	2563	279	72	2914
ke	2382	261	59	2702
ada	2294	278	104	2676
sangat	2042	206	63	2311
harga	1977	213	28	2218
dari	1958	189	61	2208
sini	1892	223	15	2130
bandung	1723	165	9	1897
menu	1689	167	3	1859
karena	1549	201	48	1798
banyak	1547	176	45	1768
cukup	1538	197	4	1739
banget	1499	174	111	1784
bisa	1498	163	81	1742
tapi	1403	166	40	1609
kalau	1366	176	72	1614
sudah	1332	138	128	1598
saja	1297	160	54	1511
restoran	1274	117	8	1399
rasa	1232	144	8	1384
itu	1216	163	121	1500
kami	1102	135	33	1270
rasanya	1086	107	12	1205
jadi	1084	121	33	1238
!	1041	130	61	1232
suasana	988	83	2	1073
nyaman	934	98	10	1042
buat	917	109	35	1061
malam	917	98	3	1018
sekali	862	92	25	979
adalah	859	89	22	970
pelayanan	856	84	67	1007
ayam	843	102	7	952
kita	842	106	24	972
goreng	839	106	4	949
-	812	89	44	945
pemandangan	807	79	0	886
bagus	802	84	14	900
jalan	802	99	4	905
sama	799	112	103	1014
nasi	796	108	3	907
suka	783	100	91	974
seperti	781	92	20	893
lebih	776	77	33	886
lagi	757	92	60	909
datang	751	62	6	819
orang	733	77	39	849
mahal	725	79	7	811
satu	714	80	20	814
atau	703	84	18	805
ya	676	78	42	796
lumayan	663	88	5	756
hanya	651	81	8	740
:	644	67	7	718
pilihan	638	82	10	730
keluarga	629	73	5	707
cocok	629	72	6	707
biasa	627	76	10	713
saat	621	56	19	696
kota	620	69	3	692
pas	608	58	11	677
lokasi	608	75	1	684
sampai	603	66	35	704
hari	597	84	28	709
resto	595	79	0	674
mau	594	86	36	716
memang	593	62	16	671
pun	582	63	15	660
terlalu	580	48	5	633
masih	573	60	13	646
baik	553	56	20	629
harus	550	63	31	644
pada	538	60	10	608
sih	533	60	42	635
pesan	532	44	22	598
porsi	528	50	0	578
dalam	522	54	23	599
salah	521	65	13	599
?	519	70	25	614
agak	517	49	5	571
kurang	515	63	5	583
steak	515	52	0	567
tetapi	481	48	25	554
semua	477	63	18	558
akan	474	51	19	544
sunda	473	65	1	539
selalu	471	49	31	551
anda	470	52	6	528
minuman	467	64	3	534
khas	461	59	0	520
kali	452	39	13	504
indonesia	446	42	54	542
luar	443	53	10	506
kafe	440	47	0	487
masakan	439	58	0	497
tahu	437	46	14	497
besar	437	56	4	497
murah	429	46	12	487
dapat	426	45	25	496
mi	425	45	9	479
teman	424	51	3	478
namun	424	51	3	478
2	419	54	16	489
bersama	419	43	7	469
paling	413	51	30	494
lama	413	51	11	475
rumah	412	58	6	476
waktu	404	42	15	461
oke	402	41	6	449
beberapa	400	35	3	438
bakso	392	31	1	424
favorit	385	48	3	436
lain	385	48	19	452
/	385	31	10	426
ramah	381	32	5	418
sana	380	48	11	439
deh	379	56	24	459
ramai	379	38	0	417
baru	378	41	26	445
menikmati	375	49	0	424
jam	372	36	13	421
ingin	370	44	9	423
dulu	368	46	10	424
terjangkau	367	43	4	414
siang	365	39	3	407
bakar	364	35	2	401
mantap	362	43	27	432
atas	361	44	14	419
jangan	361	46	14	421
begitu	357	47	14	418
sambal	355	44	2	401
membuat	355	30	2	387
daging	354	45	0	399
jika	345	51	3	399
bikin	342	35	21	398
coba	342	32	5	379
setelah	340	42	11	393
luas	339	42	0	381
masuk	337	43	7	387
1	337	33	8	378
apa	336	36	24	396
cepat	330	25	14	369
aku	330	32	54	416
anak	327	39	9	375
memesan	325	34	5	364
jokowi	324	55	15	394
mereka	320	37	11	368
pasti	316	35	12	363
pedas	316	27	3	346
selain	315	36	10	361
pernah	313	32	23	368
cuma	312	37	27	376
mencoba	312	40	6	358
kecil	312	35	0	347
batagor	312	43	0	355
sehingga	311	28	2	341
pakai	309	38	31	378
tahun	301	29	15	345
menjadi	299	30	2	331
menurut	297	47	12	356
sesuai	296	26	8	330
pertama	294	19	13	326
ternyata	293	44	7	344
kopi	292	23	7	322
unik	292	32	1	325
sekarang	288	36	35	359
dekat	286	36	1	323
ikan	284	31	0	315
parkir	279	32	0	311
segar	278	34	4	316
oleh	278	34	5	317
bukan	278	43	18	339
disajikan	277	24	0	301
berada	277	27	1	305
indah	277	25	3	305
pelayan	274	17	1	292
rekomendasi	273	23	5	301
bagi	272	33	2	307
sate	270	27	1	298
lainnya	268	24	3	295
melihat	267	37	10	314
hotel	265	36	37	338
dicoba	265	32	1	298
sejuk	264	21	3	288
langsung	260	41	14	315
standar	259	19	2	280
duduk	259	35	0	294
ketika	256	32	2	290
berbagai	252	22	4	278
pak	251	38	19	308
meja	250	23	2	275
apalagi	249	30	4	283
the	248	30	1	279
mungkin	247	30	2	279
terletak	246	26	0	272
bumbu	243	27	1	271
jauh	240	28	5	273
sayang	240	24	4	268
tersedia	239	30	1	270
pengunjung	236	23	0	259
romantis	236	18	0	254
beli	235	37	27	299
sendiri	233	27	9	269
lalu	233	23	8	264
sedikit	232	27	0	259
kok	232	18	6	256
menunggu	230	19	1	250
belum	230	25	31	286
terus	229	26	20	275
udara	227	23	0	250
barat	226	34	3	263
dago	225	34	1	260
menarik	224	23	2	249
manis	224	29	4	257
bersih	221	20	8	249
dia	221	29	37	287
mulai	221	21	2	244
tetap	221	19	12	252
ribu	221	25	9	255
es	221	17	2	240
area	219	20	0	239
beragam	219	16	2	237
sambil	218	34	1	253
daun	216	28	0	244
sebagai	213	27	8	248
setiap	212	19	5	236
nongkrong	209	22	2	233
dingin	206	19	1	226
jakarta	205	19	11	235
secara	203	30	4	237
kampung	203	28	5	236
sekitar	203	17	2	222
tak	202	35	3	240
berkunjung	202	8	0	210
ku	201	23	11	235
daerah	201	22	1	224
memilih	199	26	7	232
sedang	197	20	3	220
terkenal	195	15	0	210
merupakan	194	21	1	216
nama	194	24	10	228
warung	192	18	2	212
serta	190	17	3	210
terasa	189	26	0	215
mampir	189	24	0	213
memiliki	188	12	2	202
3	188	25	5	218
pilih	187	24	5	216
macam	186	21	3	210
strategis	186	20	0	206
ditambah	186	19	3	208
lezat	186	26	0	212
minum	185	16	6	207
kecewa	185	20	80	285
air	185	20	12	217
penuh	184	28	2	214
braga	184	22	0	206
zaman	181	24	5	210
kasih	181	25	35	241
kuah	180	28	2	210
sering	180	31	3	214
pizza	179	11	1	191
kamu	179	30	13	222
kualitas	179	18	8	205
roti	175	12	0	187
buka	174	16	6	196
konsep	173	27	2	202
kuliner	172	14	3	189
teman-teman	172	20	1	193
lantai	170	18	0	188
walaupun	169	19	2	190
nikmat	168	19	1	188
presiden	168	25	13	206
mencari	168	12	2	182
terutama	166	13	3	182
pasangan	166	19	0	185
benar-benar	165	19	3	187
sejak	165	14	2	181
mana	164	27	9	200
menyenangkan	163	12	5	180
marah	163	19	0	182
kalian	162	13	9	184
gue	162	27	91	280
awal	161	16	2	179
lengkap	160	28	9	197
perlu	159	21	3	183
terima	159	23	31	213
teh	159	15	4	178
akhirnya	158	22	2	182
mal	158	9	4	171
lidah	158	16	1	175
punya	157	20	10	187
mengecewakan	157	16	10	183
menyediakan	155	20	0	175
depan	154	18	12	184
terdapat	152	15	2	169
keren	152	22	12	186
indosat	151	16	1	168
malah	150	20	18	188
jenis	150	15	3	168
menyesal	149	14	8	171
gurih	149	18	1	168
menyajikan	148	15	0	163
sore	148	16	3	167
tengah	148	20	1	169
mudah	148	21	8	177
demokrat	147	14	0	161
senang	147	11	8	166
keju	147	17	1	165
bubur	147	24	1	172
kemarin	146	12	11	169
babi	146	20	0	166
pagi	146	11	6	163
para	146	5	5	156
lupa	146	16	3	165
wajib	144	14	1	159
jawa	144	28	5	177
partai	144	8	3	155
lembang	144	8	0	152
ditawarkan	143	9	0	152
paket	143	12	2	157
susah	142	21	2	165
minggu	142	14	2	158
soal	141	16	6	163
saus	141	13	0	154
rakyat	140	13	15	168
kayak	137	19	24	180
pokok	137	18	4	159
kambing	137	5	0	142
hidangan	136	19	0	155
pesanan	136	11	4	151
saung	136	13	0	149
nih	133	16	4	153
asik	132	13	7	152
kue	132	15	0	147
alam	131	13	1	145
padahal	131	15	18	164
10	131	10	3	144
direkomendasikan	131	16	4	151
mie	131	16	2	149
berbeda	131	10	3	144
kembali	130	17	7	154
terbaik	130	9	15	154
dua	129	16	10	155
maka	129	22	5	156
selera	129	16	1	146
empuk	129	14	0	143
islam	128	15	0	143
asin	128	18	0	146
hampir	128	13	8	149
ala	128	15	0	143
agama	128	17	5	150
anak-anak	128	13	1	142
si	128	17	5	150
bosan	126	15	1	142
maupun	126	11	3	140
tradisional	125	18	2	145
kan	125	19	4	148
cabang	124	9	3	136
hingga	124	16	2	142
kepiting	124	11	0	135
letak	124	13	0	137
interior	123	18	1	142
isi	123	12	4	139
semuanya	123	12	2	137
terlihat	123	10	2	135
kata	122	22	10	154
benar	122	22	7	151
sebenarnya	122	17	8	147
tepat	120	14	1	135
macet	120	12	1	133
tanpa	120	23	4	147
termasuk	120	3	2	125
puas	120	12	5	137
udang	120	8	0	128
bebek	119	11	0	130
boleh	119	14	3	136
biasanya	118	8	3	129
prabowo	118	15	6	139
memuaskan	118	14	11	143
aneka	118	17	1	136
beda	118	9	7	134
bayar	118	10	6	134
cari	117	9	6	132
umum	117	16	1	134
4	116	14	2	132
istimewa	116	7	0	123
bakmi	116	10	0	126
stroberi	116	8	1	125
musik	116	10	4	130
variasi	116	14	0	130
pasta	116	4	0	120
mengunjungi	116	9	0	125
relatif	116	17	0	133
fpi	115	20	0	135
keseluruhan	115	15	1	131
habis	115	9	5	129
top	115	12	3	130
ukuran	114	16	0	130
spesial	114	9	2	125
makin	114	15	15	144
pusat	113	13	8	134
menggunakan	113	10	6	129
bervariasi	113	13	0	126
cina	113	6	0	119
barang	113	18	7	138
akhir	112	15	1	128
otak	112	14	5	131
ruangan	112	18	0	130
bahkan	112	7	5	124
sapi	111	16	0	127
kenapa	111	20	18	149
panas	111	16	3	130
live	111	6	1	118
tinggi	110	11	0	121
menuju	110	13	1	124
rp	109	14	4	127
naik	109	17	8	134
bagaimana	109	8	7	124
desain	108	14	6	128
yaitu	107	11	0	118
utama	106	10	1	117
kerja	106	18	9	133
santai	106	11	2	119
piring	106	12	0	118
muda	106	5	3	114
sebelum	106	12	2	120
juara	105	15	2	122
bulan	105	9	7	121
produk	104	10	9	123
negara	104	11	8	123
order	103	7	3	113
indomie	103	16	14	133
sarapan	103	6	3	112
acara	102	9	4	115
mobil	102	11	1	114
sop	102	16	0	118
kotor	101	11	4	116
asli	101	13	4	118
bareng	101	9	1	111
disediakan	99	11	2	112
lanjutan	99	7	0	106
dahulu	99	10	0	109
ringan	99	12	0	111
enak-enak	97	12	2	111
chicken	97	18	0	115
mata	96	7	7	110
lo	96	15	3	114
penyajian	96	7	0	103
bambu	96	14	0	110
pulang	96	8	0	104
mahasiswa	95	18	0	113
menginap	95	15	4	114
bagian	95	7	1	103
biar	95	7	5	107
pisang	95	9	0	104
per	94	9	1	104
kebanyakan	94	10	0	104
kebetulan	94	15	0	109
kursi	94	9	0	103
5	93	14	11	118
bawah	93	13	2	108
sayur	93	16	0	109
liburan	93	11	2	106
meskipun	92	14	0	106
sulit	92	7	0	99
kantong	92	7	0	99
cara	91	11	8	110
plus	91	18	2	111
khusus	91	9	6	106
jelas	91	8	9	108
menambah	91	8	1	100
tersebut	91	13	1	105
main	90	8	5	103
wisata	90	12	2	104
hal	90	7	4	101
bila	90	5	3	98
padang	90	13	1	104
sepertinya	90	11	2	103
kalah	89	11	3	103
2018	89	10	14	113
hujan	89	12	1	102
dasar	89	21	0	110
ketagihan	89	9	4	102
merasa	89	6	13	108
pergi	88	12	2	102
hati	88	11	4	103
minta	88	11	7	106
anies	88	9	8	105
bahwa	88	7	5	100
diri	88	7	4	99
gurame	88	24	0	112
lampu	87	14	0	101
super	87	6	4	97
dong	87	10	5	102
anjing	87	9	0	96
hangat	87	6	2	95
suara	86	10	8	104
tea	86	3	1	90
cita	86	9	0	95
variatif	86	12	0	98
semakin	86	6	3	95
jus	86	11	0	97
liwet	85	15	0	100
sungguh	85	11	3	99
lu	85	6	3	94
asri	84	6	1	91
gua	84	3	7	94
ramen	84	6	0	90
menit	84	7	1	92
pelanggan	84	10	28	122
cinta	84	12	6	102
bawa	83	22	3	108
kaki	83	9	2	94
bapak	83	21	8	112
uang	83	3	23	109
berasa	82	4	0	86
dikunjungi	82	8	2	92
tinggal	82	16	4	102
iga	82	10	2	94
jelek	82	7	7	96
pilkada	81	11	0	92
tambahan	81	9	2	92
foto	81	11	2	94
kesal	81	8	3	92
jepang	81	8	2	91
tenang	81	6	2	89
sempit	81	9	1	91
toko	81	4	4	89
daripada	80	9	4	93
kacang	80	7	1	88
daftar	80	5	1	86
antara	80	7	8	95
kenyang	80	4	0	84
bilang	80	11	4	95
agar	80	8	2	90
hijau	80	5	3	88
tua	79	9	1	89
minimal	79	8	1	88
mendapatkan	79	8	0	87
seafood	79	9	0	88
ulang	79	9	1	89
penasaran	79	8	0	87
tiap	79	6	6	91
antre	78	7	0	85
sekeluarga	78	8	0	86
gubernur	78	9	4	91
begini	78	9	1	88
layanan	78	14	5	97
berkumpul	77	12	0	89
an	77	2	3	82
pdip	77	9	0	86
pinggir	77	10	0	87
dah	77	10	4	91
politik	77	6	7	90
bermain	77	8	1	86
30	76	8	0	84
pekan	76	11	1	88
lihat	76	9	4	89
masa	76	10	5	91
kau	76	5	0	81
pula	76	13	3	92
krim	75	5	0	80
belanja	75	5	7	87
hasil	75	8	2	85
selama	75	1	9	85
buntut	74	10	1	85
enggak	74	7	14	95
walau	74	8	1	83
pangsit	74	6	1	81
cantik	74	7	1	82
perut	74	10	1	85
mbak	74	11	1	86
masalah	74	17	10	101
kepada	74	12	7	93
pasar	74	8	2	84
kedai	73	6	1	80
menawarkan	73	9	0	82
diberikan	73	6	0	79
panjang	72	15	0	87
membawa	72	13	1	86
tunggu	72	13	2	87
buah	72	5	6	83
lembut	72	13	1	86
tolong	72	7	4	83
putih	72	8	0	80
bersantai	72	8	0	80
tamu	72	10	1	83
hehe	72	6	0	78
telur	71	6	2	79
%	71	6	6	83
dusun	70	9	0	79
menemukan	70	9	1	80
dll	70	7	1	78
bakal	70	8	12	90
sederhana	70	6	1	77
sajian	69	7	0	76
betah	69	12	0	81
kantor	69	9	4	82
sebuah	69	6	2	77
rica	68	3	0	71
pribadi	68	7	3	78
dibilang	68	7	4	79
kartu	68	7	9	84
nanti	67	9	5	81
arah	67	7	0	74
penutup	67	3	0	70
layak	67	6	2	75
kangkung	67	8	0	75
penggemar	67	7	3	77
bingung	67	6	1	74
keluar	67	8	2	77
merah	67	10	1	78
dpr	67	2	0	69
warga	67	7	3	77
lapar	67	16	2	85
kadang	66	9	6	81
berat	66	9	3	78
wifi	66	10	1	77
beef	66	5	0	71
staf	66	13	4	83
kfc	66	11	5	82
perjalanan	66	12	0	78
sebanding	66	4	1	71
belakang	66	7	2	75
sempat	66	3	2	71
gratis	65	13	9	87
ataupun	65	7	1	73
kolam	65	7	2	74
taman	65	15	0	80
ahok	65	13	4	82
sepi	65	4	0	69
asyik	65	5	1	71
mati	65	8	0	73
lewat	65	17	4	86
aneh	64	8	3	75
pecinta	64	2	1	67
dimakan	64	10	2	76
bangunan	64	15	0	79
dijadikan	63	2	0	65
orang-orang	63	14	4	81
sebaiknya	63	5	0	68
patut	63	6	1	70
terakhir	63	5	1	69
to	63	8	2	73
andalan	63	4	0	67
dibuat	63	3	2	68
nuansa	63	7	0	70
ibu	62	10	3	75
20	62	9	3	74
wangi	62	3	0	65
coklat	62	10	0	72
parah	61	7	4	72
kemudian	61	6	1	68
sby	61	15	0	76
eh	61	7	1	69
foto-foto	61	6	0	67
nomor	61	4	6	71
hidup	61	1	4	66
jual	61	3	2	66
semoga	60	11	15	86
gila	60	14	5	79
lauk	60	9	0	69
dibanding	60	6	2	68
lokal	60	4	2	66
sebelah	60	8	2	70
telah	60	4	7	71
iya	60	8	8	76
sushi	60	9	0	69
memberikan	60	6	9	75
rata-rata	60	11	0	71
berubah	60	6	0	66
lain-lain	60	10	0	70
dijangkau	60	9	0	69
kawasan	60	5	0	65
menjual	59	9	0	68
sebelumnya	59	8	5	72
wow	59	5	2	66
oleh-oleh	59	4	0	63
film	59	7	5	71
sekadar	59	8	4	71
ruang	59	6	0	65
siomay	59	15	0	74
jatuh	59	5	1	65
kpk	59	1	6	66
mas	59	7	3	69
kayu	58	10	0	68
usah	58	10	9	77
mulut	58	3	3	64
kumpul	58	7	0	65
varian	58	4	2	64
bali	58	2	4	64
hitam	58	12	0	70
ketua	58	5	2	65
dijamin	58	2	0	60
riau	58	8	0	66
gede	58	4	2	64
suami	58	7	0	65
menteri	57	14	1	72
say	57	7	0	64
kedua	57	6	2	65
;	57	9	1	67
balik	57	6	5	68
valley	57	8	0	65
s	57	6	1	64
goblok	57	5	0	62
gedung	57	2	0	59
food	57	4	0	61
apabila	57	7	1	65
parkiran	57	6	0	63
bersahabat	57	2	0	59
eropa	57	5	3	65
istri	57	6	1	64
ambil	57	6	1	64
dipesan	56	4	1	61
kunjungan	56	3	3	62
sup	56	6	0	62
tanggal	56	5	7	68
fasilitas	56	4	7	67
tim	56	2	5	63
sambel	56	8	0	64
suki	56	6	0	62
mu	55	6	2	63
akses	55	7	1	63
level	54	8	0	62
beliau	54	2	3	59
lalapan	54	8	0	62
dekorasi	54	9	0	63
saji	53	2	0	55
kesan	53	3	2	58
gelas	53	7	1	61
seorang	53	4	2	59
pengalaman	53	8	3	64
peak	53	11	0	64
setengah	53	7	0	60
campur	53	5	1	59
pantas	53	5	3	61
ridwan	53	5	0	58
malang	53	7	1	61
sawah	53	4	0	57
soto	53	6	2	61
tenderloin	53	7	0	60
berdua	52	12	0	64
loh	52	8	1	61
melalui	52	1	5	58
bangsa	52	5	2	59
bank	52	15	10	77
6	52	4	3	59
masak	52	6	0	58
berupa	52	0	0	52
bu	52	6	8	66
asam	52	12	0	64
kamil	52	5	0	57
burger	52	7	0	59
2019	51	11	4	66
meski	51	12	0	63
berkualitas	51	4	2	57
sayuran	51	5	0	56
pki	51	6	0	57
reservasi	51	9	1	61
telkomsel	51	1	0	52
dibandingkan	51	11	2	64
siap	51	7	1	59
situ	51	11	0	62
digoreng	51	6	0	57
pemerintah	51	4	1	56
sengaja	51	10	0	61
adem	50	8	1	59
telepon	50	2	11	63
tempo	50	6	0	56
terkesan	50	2	0	52
halal	50	9	0	59
membeli	50	9	2	61
bersantap	50	10	0	60
bau	50	12	0	62
tempe	50	12	1	63
doang	50	9	3	62
sari	50	4	0	54
anggota	50	5	1	56
lesehan	50	8	0	58
raya	50	4	3	57
hehehe	50	6	2	58
kentang	50	7	1	58
trans	50	6	0	56
siapa	50	7	1	58
terjun	49	5	0	54
menyukai	49	6	0	55
sungai	49	6	0	55
tadi	49	3	7	59
kendaraan	49	13	0	62
naripan	49	7	1	57
100	49	4	2	55
sedap	49	3	0	52
hutan	49	5	0	54
kosong	49	7	1	57
dijual	49	9	1	59
tentunya	49	8	1	58
soup	49	2	0	51
baswedan	49	3	2	54
tiket	49	6	47	102
takut	49	6	2	57
mending	49	6	9	64
merokok	49	10	0	59
payah	49	7	2	58
untung	49	8	3	60
salmon	48	3	0	51
saos	48	4	1	53
dikasih	48	4	11	63
buruk	48	6	3	57
tiba	48	7	1	56
amat	48	9	2	59
gaya	48	6	0	54
kondisi	48	4	0	52
gojek	48	2	1	51
kering	48	6	0	54
berlokasi	47	2	0	49
ampera	47	5	1	53
tergolong	47	3	0	50
belanda	47	9	0	56
jajanan	47	4	1	52
hot	47	3	1	51
kuliah	47	5	1	53
kangen	47	3	2	52
keras	47	8	0	55
pintu	47	2	0	49
cenderung	47	4	0	51
manusia	46	6	2	54
kingsley	46	3	0	49
macam-macam	46	3	0	49
pertemuan	46	6	0	52
8	46	3	5	54
gerindra	46	6	0	52
masyarakat	46	10	4	60
mencicipi	46	2	0	48
alasan	46	5	7	58
aja	46	3	4	53
lima	46	6	4	56
d	46	8	1	55
lotek	46	6	0	52
yamin	46	3	0	49
melakukan	46	8	9	63
mendukung	46	1	4	51
promo	46	3	14	63
menjadikan	46	3	1	50
alas	45	5	0	50
pks	45	4	2	51
menang	45	5	3	53
penting	45	8	5	58
mengobrol	45	3	0	48
umat	45	8	1	54
kental	45	7	1	53
selamat	45	4	7	56
segala	45	8	0	53
kecap	45	7	0	52
bakmoy	45	5	0	50
sampah	45	9	5	59
nilai	45	2	3	50
muslim	45	5	1	51
papua	45	6	3	54
nyobain	45	18	2	65
potongan	44	10	0	54
ice	44	3	0	47
pemimpin	44	7	7	58
tutup	44	4	4	52
dinikmati	44	5	0	49
disarankan	44	6	1	51
alternatif	44	5	0	49
ngobrol	44	8	2	54
danau	44	9	1	54
warna	44	3	3	50
berani	44	8	0	52
pulsa	44	9	6	59
mah	44	7	4	55
negeri	44	7	3	54
7	44	3	4	51
mohon	43	4	2	49
permai	43	6	0	49
butuh	43	3	3	49
handphone	43	3	5	51
mengenyangkan	43	5	0	48
ditemukan	43	8	0	51
padma	43	6	0	49
cabe	43	6	1	50
lucu	43	5	0	48
tujuan	43	3	1	47
ikut	43	3	4	50
njungi	43	7	1	51
puasa	43	6	1	50
tambah	43	3	1	47
meriah	43	2	0	45
alami	43	3	1	47
via	43	5	5	53
menjelang	43	2	1	46
a	43	2	1	46
non	43	9	0	52
bukit	42	5	0	47
sensasi	42	3	0	45
pacar	42	4	1	47
kebersihan	42	3	0	45
tentang	42	4	4	50
karyawan	42	4	6	52
gagal	42	7	2	51
mirip	42	3	2	47
terbuka	42	6	0	48
in	42	5	4	51
indihome	42	5	0	47
merasakan	42	6	1	49
timbel	42	7	0	49
permainan	42	1	1	44
tugas	42	4	3	49
sok	42	6	2	50
jamur	41	6	0	47
plaza	41	4	0	45
polisi	41	8	1	50
segi	41	1	2	44
meresap	41	3	0	44
potong	41	4	1	46
nkri	41	5	1	47
kampus	41	5	0	46
cek	41	1	8	50
novanto	41	2	0	43
turun	41	5	1	47
__laugh__	41	1	0	42
merayakan	41	3	0	44
pilgub	41	4	1	46
lemah	41	3	1	45
tol	41	3	0	44
cumi	41	7	0	48
cemilan	41	8	2	51
pohon	40	4	1	45
dipakai	40	7	2	49
posisi	40	6	0	46
out	40	4	0	44
sisi	40	4	0	44
tangan	40	3	4	47
tolol	40	2	0	42
entah	40	4	2	46
dibawa	40	5	1	46
wah	40	5	1	46
diberi	40	4	0	44
pvj	40	9	1	50
sepadan	40	3	0	43
dessert	40	3	0	43
cream	40	5	0	45
kamar	40	11	9	60
antrean	40	3	0	43
mengambil	40	2	2	44
sehat	40	6	3	49
15	40	2	0	42
sinyal	40	6	1	47
ayo	40	6	0	46
court	40	2	0	42
dipilih	40	4	0	44
tentu	40	3	1	44
menghabiskan	40	5	1	46
akal	39	5	2	46
ganti	39	9	3	51
seberang	39	5	0	44
terbatas	39	4	1	44
jalanan	39	4	0	43
seluruh	39	0	1	40
internet	39	3	1	43
jne	39	2	4	45
jaringan	39	1	0	40
bahan	39	5	0	44
menyegarkan	39	3	0	42
menengah	39	4	0	43
malas	38	5	0	43
setya	38	2	0	40
malu	38	4	2	44
pakar	38	5	0	43
it	38	8	0	46
bawang	38	6	0	44
melayani	38	2	0	40
mempunyai	38	6	0	44
susu	38	2	4	44
muka	38	5	2	45
rekan	38	4	0	42
setimpal	38	4	1	43
sesat	38	5	0	43
buatan	38	3	1	42
kebun	38	2	2	42
asal	38	5	0	43
lgbt	38	6	0	44
stasiun	38	6	1	45
digunakan	38	2	1	41
samping	38	3	0	41
dunia	38	11	2	51
surabaya	38	0	0	38
maaf	38	4	3	45
penataan	38	2	0	40
martabak	37	0	0	37
rebus	37	2	1	40
apakah	37	5	1	43
bohong	37	4	3	44
korupsi	37	1	2	40
sirloin	37	1	0	38
garing	37	2	0	39
rusak	37	6	2	45
percaya	37	4	0	41
jarang	37	7	0	44
sejenis	37	4	0	41
sabar	37	3	0	40
jawab	37	0	5	42
kiri	37	7	0	44
nah	37	6	1	44
rm	37	6	0	43
istana	37	2	2	41
aroma	37	1	0	38
pukul	37	3	0	40
salad	37	4	0	41
demi	37	1	1	39
mewah	37	6	1	44
indoor	37	4	0	41
kuota	37	2	1	40
bangga	37	6	6	49
yamien	37	3	0	40
mendapat	37	6	0	43
kulit	37	5	2	44
terdiri	37	5	0	42
hawa	37	5	0	42
dihidangkan	36	3	0	39
meminta	36	6	4	46
libur	36	4	2	42
18th	36	5	0	41
api	36	4	1	41
cihampelas	36	1	0	37
50	36	1	4	41
kasir	36	4	0	40
membantu	36	2	6	44
selesai	36	6	1	43
ragam	36	5	0	41
memakai	36	2	3	41
9	36	6	1	43
biaya	35	4	4	43
utara	35	2	1	38
citarasa	35	3	0	38
alias	35	7	0	42
klasik	35	2	1	38
timur	35	4	0	39
jeruk	35	6	1	42
cuaca	35	7	0	42
dukung	35	3	6	44
susi	35	7	3	45
bca	35	7	17	59
jalan-jalan	35	3	1	39
modern	35	6	0	41
pindah	35	2	0	37
pendukung	35	6	0	41
kena	35	2	2	39
dilakukan	35	4	5	44
rapi	35	7	0	42
dicari	35	4	1	40
sabtu	35	6	1	42
pikir	35	10	0	45
outlet	35	2	0	37
24	35	7	1	43
simpang	35	6	0	41
serasa	35	2	0	37
seru	35	6	1	42
mandiri	35	4	1	40
oh	35	6	2	43
ditemani	35	3	0	38
setiabudi	35	5	0	40
calon	34	3	1	38
rupiah	34	4	0	38
kuat	34	5	1	40
terbilang	34	3	0	37
makana	34	1	0	35
bni	34	5	9	48
okelah	34	0	0	34
ciwalk	34	2	0	36
hai	34	5	5	44
mantan	34	4	1	39
lagu	34	4	3	41
toilet	34	4	0	38
karapitan	34	0	0	34
media	34	9	6	49
green	34	2	0	36
gitu	34	3	5	42
golkar	34	1	0	35
music	34	2	0	36
pepes	34	5	0	39
bentuk	34	4	0	38
panggang	34	2	0	36
bisnis	34	2	1	37
ac	34	7	2	43
tepung	34	5	0	39
lampu-lampu	34	3	0	37
kepala	33	4	0	37
sempurna	33	7	1	41
model	33	4	4	41
sebagian	33	3	0	36
aduh	33	4	1	38
matang	33	3	2	38
18	33	4	1	38
kuning	33	5	0	38
heran	33	4	0	37
bicara	33	5	9	47
masing-masing	33	2	1	36
disambut	33	5	0	38
tni	33	1	0	34
terlebih	33	3	0	36
hilang	33	5	6	44
pedesaan	33	4	0	37
tarik	33	4	0	37
suis	33	1	0	34
kader	33	3	0	36
olahan	33	3	0	36
city	33	3	0	36
gampang	33	2	2	37
tanah	33	3	1	37
kalinya	33	6	3	42
menonton	33	4	2	39
sakit	33	5	4	42
galau	33	0	0	33
allah	33	9	1	43
padat	33	4	0	37
menyempatkan	33	0	0	33
tokopedia	32	6	4	42
mengikuti	32	0	3	35
risma	32	7	0	39
kristen	32	5	0	37
sistem	32	1	4	37
ulama	32	0	5	37
butcher	32	1	0	33
tipis	32	2	0	34
sedangkan	32	3	2	37
saung-saung	32	6	0	38
ketinggian	32	2	0	34
telor	32	3	0	35
rumahan	32	9	0	41
kelas	32	7	1	40
ciri	32	3	0	35
aplikasi	32	2	32	66
hemat	32	0	0	32
melewati	32	3	0	35
hukum	32	8	1	41
jumlah	32	5	1	38
aman	32	1	1	34
cah	32	1	0	33
gara-gara	32	3	2	37
rujak	32	1	0	33
kakak	32	1	1	34
servis	32	1	1	34
sapu	32	4	0	36
renyah	32	9	0	41
hang	32	4	2	38
asia	32	3	6	41
kasihan	32	7	0	39
tebal	32	2	0	34
ah	32	3	5	40
terhadap	32	5	0	37
cheese	31	1	0	32
mendoan	31	2	1	34
yakin	31	2	2	35
kocok	31	3	0	34
sekolah	31	2	0	33
dikarenakan	31	0	1	32
menyantap	31	6	0	37
kasus	31	2	0	33
rendang	31	1	2	34
ribuan	31	4	1	36
rombongan	31	4	1	36
sekalian	31	5	1	37
beraneka	31	3	0	34
bekerja	31	2	0	33
java	31	2	0	33
memutuskan	31	1	0	32
aceh	31	1	0	32
mengantre	31	1	0	32
sedih	31	4	2	37
dilengkapi	30	3	0	33
berharap	30	3	2	35
gelap	30	3	0	33
not	30	3	0	33
pasteur	30	3	1	34
bintang	30	6	5	41
memberi	30	5	6	41
sumpah	30	2	9	41
burung	30	8	1	39
proses	30	4	10	44
dimasak	30	7	0	37
paris	30	2	0	32
segera	30	8	4	42
silakan	30	4	4	38
durian	30	6	1	37
info	30	0	2	32
bertemu	30	4	1	35
terenak	30	3	2	35
cerita	30	0	4	34
pengiriman	30	2	4	36
batu	30	2	1	33
berkesan	30	4	0	34
rugi	30	1	0	31
spot	30	2	0	32
menu-menu	30	5	0	35
menggugah	30	4	0	34
buku	30	3	1	34
lambat	30	3	2	35
no	30	1	1	32
minyak	29	2	1	32
2014	29	4	1	34
pihak	29	4	6	39
karedok	29	9	0	38
gang	29	2	0	31
fadli	29	2	0	31
berdiri	29	3	0	32
seharusnya	29	5	0	34
topping	29	1	0	30
maju	29	2	4	35
lidi	29	4	0	33
tema	29	2	2	33
janji	29	4	2	35
cemburu	29	3	0	32
baju	29	2	7	38
12	29	7	1	37
haha	29	3	1	33
teras	29	0	0	29
wine	29	4	0	33
diskon	29	3	6	38
restaurant	29	10	0	39
komplit	29	3	0	32
tiga	29	4	5	38
memasuki	29	2	0	31
baca	29	5	4	38
paskal	29	7	0	36
berlama-lama	29	4	0	33
mcd	29	5	1	35
pegunungan	29	2	0	31
van	28	2	0	30
hambar	28	2	0	30
tulang	28	3	0	31
pencitraan	28	4	1	33
rawit	28	4	0	32
wakil	28	3	4	35
inilah	28	2	0	30
babat	28	4	0	32
tersendiri	28	2	0	30
gerai	28	1	1	30
era	28	4	2	34
setuju	28	3	1	32
tekstur	28	3	0	31
merdeka	28	6	0	34
kalangan	28	0	0	28
bangsat	28	9	0	37
membayar	28	1	2	31
tukang	28	1	3	32
driver	28	0	2	30
prasmanan	28	5	0	33
dilihat	28	3	0	31
perumahan	28	3	0	31
jarak	28	1	0	29
hati-hati	28	1	0	29
ri	28	2	4	34
berjalan	28	7	2	37
bip	28	4	0	32
penjual	28	3	1	32
bodoh	28	7	3	38
potato	28	2	0	30
tingkat	28	2	1	31
rata	28	3	0	31
lho	28	5	0	33
hebat	28	0	1	29
tertarik	28	3	1	32
santap	28	0	0	28
iri	28	2	0	30
benci	27	2	4	33
saran	27	4	4	35
korea	27	4	1	32
angin	27	5	0	32
jenuh	27	1	0	28
kanan	27	5	0	32
and	27	2	0	29
mushroom	27	1	0	28
jawaban	27	3	1	31
supaya	27	6	2	35
china	27	2	1	30
terjadi	27	5	7	39
musim	27	3	1	31
desa	27	4	1	32
tanya	27	1	4	32
by	27	2	4	33
kaleng	27	5	0	32
diajak	27	8	2	37
mengajak	27	0	3	30
yummy	27	3	0	30
motor	27	2	0	29
menghadap	27	2	0	29
melelahkan	27	6	1	34
kaldu	27	4	0	31
2015	27	2	0	29
seni	27	5	1	33
spaghetti	27	2	0	29
dimsum	27	5	0	32
keramaian	27	3	0	30
jengkol	26	3	0	29
brownies	26	0	0	26
pepohonan	26	5	0	31
sukajadi	26	1	0	27
tertentu	26	2	1	29
dikatakan	26	1	0	27
sofa	26	2	0	28
kak	26	2	6	34
keindahan	26	1	0	27
dibakar	26	6	0	32
camilan	26	4	0	30
miskin	26	1	2	29
pemilik	26	3	1	30
contoh	26	3	1	30
rekomendasikan	26	5	1	32
kekurangan	26	3	1	30
itulah	26	0	1	27
chocolate	26	1	0	27
berfoto	26	1	0	27
ajak	26	2	1	29
sepanjang	26	2	0	28
mangkok	26	4	0	30
tuhan	26	5	1	32
kesukaan	26	1	0	27
lontong	26	7	0	33
amp	26	6	0	32
kotak	26	5	0	31
senin	26	3	2	31
voucher	26	2	1	29
pancake	26	8	0	34
kaget	26	4	0	30
sukses	26	5	4	35
online	26	3	5	34
jualan	26	1	2	29
musala	26	3	0	29
gunung	26	2	1	29
pengecut	26	0	1	27
wanita	26	2	0	28
sopan	26	0	3	29
memanjakan	26	2	1	29
mengerjakan	26	4	0	30
pilpres	26	3	2	31
kiosk	25	0	0	25
dibuka	25	1	1	27
tenggelamkan	25	1	0	26
kompleks	25	2	0	27
dosen	25	3	1	29
jauh-jauh	25	0	0	25
becus	25	1	0	26
penyuka	25	2	0	27
wajar	25	4	1	30
busuk	25	1	1	27
sepuas	25	2	0	27
transaksi	25	3	5	33
ditanya	25	4	4	33
special	25	3	0	28
halaman	25	7	0	32
biasa-biasa	25	0	0	25
setia	25	0	1	26
upnormal	25	3	1	29
bahaya	25	1	1	27
bantu	25	3	1	29
terong	25	9	0	34
jalur	25	0	0	25
persis	25	3	0	28
melulu	25	3	0	28
bus	24	1	1	26
kapal	24	0	0	24
petugas	24	1	2	27
mesti	24	6	0	30
suasa	24	1	0	25
megawati	24	4	0	28
kencang	24	2	2	28
puluhan	24	0	1	25
nusantara	24	3	0	27
bahasa	24	2	1	27
kemari	24	1	0	25
juice	24	3	1	28
sekaligus	24	1	0	25
menjaga	24	1	2	27
dikit	24	5	0	29
apa-apa	24	1	5	30
legendaris	24	3	0	27
kapan	24	2	1	27
komplet	24	4	1	29
kini	24	1	1	26
foodcourt	24	3	0	27
dicampur	24	5	0	29
dompet	24	1	0	25
kerupuk	24	5	0	29
xiaomi	24	1	15	40
kafir	24	1	1	26
bebas	24	7	1	32
chinese	24	1	0	25
cuanki	24	6	0	30
singapore	24	4	0	28
dki	24	3	2	29
cobalah	24	7	0	31
box	24	3	0	27
poin	24	5	2	31
dapatkan	24	4	1	29
sembari	24	0	0	24
terbayar	24	4	0	28
demiz	24	2	0	26
sosis	24	3	0	27
zon	24	2	0	26
bunga	24	4	1	29
mengenai	23	1	2	26
membenci	23	5	1	29
bir	23	0	0	23
baso	23	1	0	24
kebaikan	23	4	1	28
lingkungan	23	5	2	30
hahaha	23	7	0	30
but	23	0	1	24
selanjutnya	23	2	1	26
tv	23	1	3	27
lumayanlah	23	4	0	27
ingat	23	3	2	28
genggam	23	1	4	28
maling	23	4	0	27
kirim	23	3	8	34
pegawai	23	3	0	26
sigap	23	0	0	23
2017	23	2	2	27
ribet	23	3	2	28
walk	23	0	0	23
jogja	23	2	0	25
berapa	23	4	4	31
pandan	23	1	0	24
perempuan	23	0	2	25
kaca	23	2	0	25
original	23	0	0	23
medium	23	0	0	23
rapat	23	3	0	26
25	23	1	0	24
lemon	23	1	0	24
riri	23	9	0	32
poko	23	1	0	24
la	23	1	1	25
lounge	23	1	0	24
rempah	23	4	2	29
tiba-tiba	23	2	0	25
itb	23	3	1	27
terang	23	2	0	25
berbelanja	23	0	0	23
serba	23	2	0	25
kelebihan	23	2	2	27
badan	23	1	1	25
kikil	23	3	0	26
disebut	23	2	0	25
duit	23	2	3	28
bangku	23	0	0	23
madu	23	1	0	24
berita	23	2	0	25
informasi	23	4	10	37
semacam	23	3	0	26
saking	22	3	1	26
bodo	22	4	0	26
nikmati	22	5	0	27
grab	22	3	0	25
sejauh	22	0	0	22
harapan	22	0	2	24
penginapan	22	2	1	25
mengatakan	22	3	0	25
pribumi	22	2	0	24
lebaran	22	0	0	22
dana	22	1	16	39
jempol	22	2	1	25
usaha	22	1	0	23
kereta	22	4	3	29
40	22	2	1	25
ulasan	22	6	1	29
hti	22	3	0	25
free	22	1	1	24
isu	22	5	1	28
jagung	22	2	0	24
grup	22	3	0	25
sombong	22	1	0	23
fahri	22	2	0	24
gini	22	5	3	30
menggoda	22	2	0	24
justru	22	2	1	25
kacau	22	1	1	24
lembah	22	4	0	26
kremes	22	4	0	26
kredit	22	5	5	32
campuran	22	4	0	26
sebab	22	1	0	23
11	22	4	0	26
dilayani	22	1	0	23
kinerja	22	2	1	25
ramah-ramah	22	4	2	28
rela	22	1	2	25
sementara	22	2	0	24
bertanya	22	0	1	23
bukalapak	22	3	0	25
belajar	22	4	3	29
diperbaiki	22	2	1	25
bunuh	21	1	0	22
fitnah	21	3	0	24
sauce	21	3	0	24
tampilan	21	3	0	24
koalisi	21	2	0	23
berbentuk	21	4	0	25
lelah	21	2	0	23
tawar	21	1	0	22
musnahkan	21	3	0	24
cordon	21	1	0	22
latte	21	1	0	22
sajikan	21	3	0	24
pan	21	2	0	23
munafik	21	0	0	21
lomie	21	4	0	25
tidur	21	2	3	26
daya	21	1	0	22
menyebalkan	21	1	4	26
agus	21	3	0	24
sibuk	21	0	2	23
menemani	21	3	1	25
course	21	0	0	21
seenak	21	0	2	23
medan	21	3	0	24
kamera	21	6	7	34
kaum	21	1	0	22
juta	21	2	5	28
otentik	21	2	0	23
dapur	21	1	0	22
iblis	21	5	0	26
berisi	21	1	1	23
bungkus	21	7	3	31
tersembunyi	21	1	0	22
m	21	2	0	23
renang	21	3	4	28
istirahat	21	1	1	23
hindu	21	1	0	22
kartika	21	0	0	21
standart	21	3	0	24
asem	21	2	0	23
solo	21	5	0	26
Jakarta	21	2	0	23
berlebihan	21	1	3	25
id	21	3	7	31
semangat	21	2	2	25
basah	21	5	0	26
lilin	21	2	0	23
pembayaran	21	4	12	37
bekasi	21	1	0	22
triliun	21	0	1	22
asap	21	3	0	24
diterima	21	1	2	24
telkom	20	0	0	20
menerima	20	3	3	26
mangga	20	4	3	27
hancur	20	5	0	25
jujur	20	3	1	24
ceker	20	1	0	21
binatang	20	3	0	23
perahu	20	3	1	24
..	20	6	1	27
aliran	20	0	0	20
sangatlah	20	1	0	21
kenyal	20	4	0	24
berikut	20	1	0	21
demokrasi	20	1	1	22
buang	20	2	1	23
data	20	2	6	28
pemerintahan	20	7	2	29
kelaparan	20	4	1	25
giggle	20	2	0	22
bogor	20	0	11	31
saudara	20	0	0	20
didukung	20	0	1	21
urat	20	0	0	20
bihun	20	2	0	22
tom	20	4	0	24
amis	20	3	0	23
biadab	20	2	0	22
h	20	4	4	28
pajak	20	0	2	22
muak	20	1	0	21
sekelas	20	5	0	25
mengapa	20	2	2	24
langganan	20	3	0	23
ikutan	20	2	0	22
dalem	20	1	2	23
ormas	20	6	0	26
arti	20	2	0	22
kari	20	3	1	24
anti	20	2	1	23
2016	20	5	1	26
irisan	20	2	0	22
sewaktu	20	0	0	20
akun	20	4	5	29
hainan	20	2	0	22
surabi	20	3	0	23
kehabisan	20	1	0	21
oncom	20	2	0	22
italia	20	0	0	20
restauran	20	3	0	23
indonesian	20	1	0	21
tuna	20	2	0	22
datanglah	20	2	0	22
bukti	20	9	11	40
perpaduan	19	1	0	20
mainan	19	0	1	20
raja	19	1	1	21
terjaga	19	5	0	24
penyet	19	0	0	19
ragu	19	0	1	20
lakukan	19	2	2	23
singgah	19	2	0	21
membela	19	0	0	19
ekspektasi	19	1	2	22
bule	19	0	0	19
capek	19	1	0	20
cuci	19	2	1	22
bbm	19	2	0	21
bar	19	1	0	20
barbeque	19	0	0	19
karya	19	4	4	27
pesta	19	1	0	20
cobain	19	1	0	20
kecuali	19	3	0	22
sosial	19	7	3	29
standard	19	6	0	25
galeri	19	4	0	23
perhatian	19	1	0	20
salut	19	2	7	28
seharian	19	1	1	21
nasional	19	3	3	25
room	19	0	0	19
berkelas	19	2	0	21
bacot	19	0	0	19
adik	19	1	0	20
lawang	19	0	0	19
bahagia	19	3	0	22
sierra	19	2	0	21
hut	19	0	1	20
dicapai	19	1	1	21
bumi	19	2	0	21
tangga	19	1	0	20
cahaya	19	6	0	25
biji	19	0	0	19
jijik	19	0	1	20
selatan	19	1	0	20
merekomendasikan	19	5	0	24
bancakan	19	3	0	22
wilayah	19	3	1	23
bangkit	19	1	2	22
besok	19	3	2	24
sarankan	19	3	0	22
bola	19	0	6	25
halo	19	4	0	23
gulai	19	2	0	21
tampak	19	1	0	20
milik	19	0	0	19
rice	19	4	0	23
studio	19	0	1	20
gambar	19	2	0	21
mengingat	19	0	0	19
saling	19	1	1	21
rada	19	2	0	21
garang	19	3	0	22
mari	19	4	0	23
terminal	19	4	1	24
memasak	19	1	0	20
perjuangan	18	0	0	18
tumis	18	3	0	21
urusan	18	0	2	20
percuma	18	3	3	24
sandi	18	0	7	25
menguras	18	0	0	18
antar	18	5	1	24
guna	18	0	0	18
periode	18	2	2	22
betutu	18	0	0	18
serabi	18	2	0	20
mencapai	18	1	0	19
wisatawan	18	1	1	20
all	18	3	0	21
kenal	18	0	1	19
art	18	2	0	20
positif	18	2	1	21
burangrang	18	5	0	23
hits	18	1	0	19
keadaan	18	1	1	20
spicy	18	1	0	19
yuk	18	1	0	19
arisan	18	2	0	20
90	18	1	2	21
80	18	0	0	18
berbau	18	2	0	20
alat	18	1	4	23
paham	18	1	4	23
doyan	18	2	0	20
ujung	18	1	0	19
milih	18	0	6	24
kepemimpinan	18	5	1	24
pt	18	3	3	24
email	18	0	18	36
lalat	18	1	0	19
rendah	18	2	1	21
beserta	18	1	0	19
rindang	18	3	0	21
bek	18	3	0	21
della	18	1	0	19
sahabat	18	7	1	26
ide	18	1	2	21
worth	18	4	0	22
suatu	18	3	1	22
kongkow	18	2	0	20
bubarkan	18	3	1	22
pembangunan	18	1	2	21
marah-marah	18	3	0	21
he	18	0	1	19
sehabis	18	1	0	19
gazebo	18	2	0	20
mandi	18	2	1	21
my	18	1	1	20
jasa	18	2	0	20
dibeli	18	3	0	21
bergaya	18	5	0	23
gara	18	0	0	18
gus	18	3	0	21
surga	18	3	1	22
apik	18	4	0	22
empal	17	0	0	17
progo	17	2	0	19
konsisten	17	0	1	18
maksimal	17	2	1	20
mendengar	17	2	1	20
tipe	17	0	1	18
dinding	17	2	0	19
congo	17	1	0	18
pacaran	17	0	0	17
pembuka	17	6	0	23
sudirman	17	0	1	18
lengko	17	0	0	17
bekas	17	1	0	18
pemesanan	17	10	7	34
one	17	2	0	19
waitress	17	0	0	17
dikenal	17	1	0	18
kelihatan	17	3	2	22
cebong	17	0	1	18
usus	17	5	0	22
bermacam	17	1	0	18
view	17	2	0	19
merek	17	0	4	21
setan	17	4	0	21
gb	17	0	0	17
tepi	17	1	0	18
diam	17	0	0	17
menakjubkan	17	2	0	19
berisik	17	2	0	19
thai	17	1	1	19
terkadang	17	4	0	21
kerasa	17	2	0	19
kira	17	1	1	19
bang	17	4	1	22
bernuansa	17	4	0	21
nu	17	3	0	20
tergantung	17	3	0	20
facewithtearsofjoy	17	0	0	17
on	17	1	2	20
mengurus	17	1	1	19
belok	17	2	0	19
jumat	17	2	0	19
sikap	17	3	1	21
terbuat	17	2	0	19
diragukan	17	2	1	20
diminta	17	0	2	19
men	17	0	1	18
of	17	3	1	21
tebing	17	1	0	18
alhamdulillah	17	2	2	21
uduk	17	1	0	18
sinilah	17	1	0	18
arab	17	1	0	18
instagram	17	1	1	19
kombinasi	17	1	0	18
konsumen	17	0	1	18
lapor	17	4	1	22
berwarna	17	1	0	18
memanggil	17	2	0	19
kelapa	17	2	1	20
nonton	17	2	2	21
review	17	1	0	18
wagyu	17	0	0	17
bertanggung	17	0	2	19
respon	17	1	10	28
sara	17	2	0	19
sebetulnya	17	5	0	22
ketempat	17	1	0	18
ria	17	1	0	18
kelakuan	17	1	0	18
asing	17	2	0	19
bakut	17	2	0	19
giliran	17	0	1	18
tong	17	2	0	19
komplain	17	2	7	26
kekinian	17	1	0	18
hanamasa	16	1	0	17
menghina	16	0	0	16
patung	16	2	0	18
gula	16	2	0	18
km	16	3	0	19
bistro	16	2	0	18
berlibur	16	3	0	19
baked	16	2	0	18
pop	16	3	4	23
sadar	16	0	2	18
setiabudhi	16	1	0	17
impor	16	2	0	18
balkon	16	0	0	16
mengaku	16	2	0	18
over	16	1	0	17
as	16	0	0	16
asian	16	3	9	28
dibayar	16	0	5	21
dikirim	16	3	5	24
tersaji	16	3	0	19
tomat	16	1	0	17
tawarkan	16	2	1	19
resmi	16	1	2	19
tiram	16	0	0	16
video	16	5	0	21
sms	16	2	1	19
net	16	4	0	20
kol	16	3	0	19
semalam	16	2	2	20
factory	16	0	0	16
mentega	16	0	0	16
perempatan	16	3	0	19
cagub	16	0	0	16
dibungkus	16	4	0	20
penampilan	16	1	0	17
dengar	16	1	1	18
ramai-ramai	16	2	1	19
kapok	16	3	0	19
apple	16	0	4	20
legenda	16	0	0	16
atmosfir	16	1	0	17
lumpia	16	2	0	18
kekuasaan	16	1	2	19
sum	16	3	0	19
seng	16	6	0	22
bermacam-macam	16	2	0	18
bajingan	16	2	0	18
beri	16	2	0	18
diganti	16	2	1	19
tercinta	16	1	0	17
ui	16	2	0	18
nyata	16	6	1	23
mengganti	16	4	0	20
jumbo	16	0	0	16
cendol	16	1	0	17
disantap	16	1	0	17
uno	16	1	3	20
berminyak	16	1	0	17
murahan	16	1	1	18
penikmat	16	1	0	17
gopay	16	3	0	19
kue-kue	16	2	0	18
mengusung	16	0	0	16
peralatan	16	2	0	18
desember	16	1	0	17
listrik	16	1	0	17
bakmie	16	1	0	17
gimana	16	1	2	19
mampu	16	4	2	22
kwetiau	16	2	0	18
perkedel	16	6	0	22
mengetahui	16	1	0	17
sandiaga	16	1	1	18
ikhlas	16	4	0	20
me	15	1	0	16
mei	15	2	1	18
kecepatan	15	1	0	16
service	15	3	0	18
kerjaan	15	2	4	21
gelar	15	0	1	16
diambil	15	2	2	19
sersan	15	0	0	15
jatim	15	1	0	16
uu	15	0	0	15
jaket	15	1	0	16
barang-barang	15	2	2	19
kebon	15	2	0	17
rizieq	15	4	1	20
matahari	15	0	1	16
rokok	15	6	0	21
kelompok	15	4	0	19
membosankan	15	0	0	15
festival	15	4	3	22
shabu	15	0	0	15
enaklah	15	0	0	15
dipadu	15	3	0	18
puyuh	15	4	0	19
siapapun	15	1	1	17
melepas	15	4	0	19
ditingkatkan	15	1	0	16
jaman	15	5	0	20
ronde	15	2	0	17
e	15	1	9	25
kebagian	15	7	0	22
demikian	15	3	0	18
b	15	0	1	16
terasi	15	0	0	15
pkb	15	3	0	18
simpel	15	0	2	17
paru	15	2	0	17
menawan	15	4	0	19
bone	15	0	0	15
mini	15	3	0	18
kreatif	15	5	1	21
siap-siap	15	3	0	18
minus	15	1	0	16
pelajar	15	0	0	15
delicious	15	0	0	15
disuruh	15	1	4	20
kubu	15	0	0	15
traveloka	15	3	9	27
alot	15	1	0	16
didapat	15	3	2	20
laut	15	0	3	18
pasir	15	3	0	18
suharti	15	1	0	16
milkshake	15	1	0	16
mengalir	15	2	0	17
bajuri	15	0	0	15
bravo	15	1	2	18
x	15	2	2	19
lada	15	3	0	18
carbonara	15	0	0	15
petik	15	0	0	15
perbaikan	15	3	0	18
versi	15	1	1	17
sport	15	0	1	16
demo	15	4	0	19
ampun	15	2	1	18
tarif	15	1	2	18
miliar	15	1	0	16
bin	15	1	0	16
at	15	1	0	16
semi	15	2	0	17
bertahan	15	2	0	17
rawon	15	2	0	17
tersebar	15	1	0	16
kenyamanan	15	4	3	22
pastikan	15	0	0	15
cekatan	15	2	0	17
natural	15	2	0	17
penakut	15	1	0	16
sudut	15	2	0	17
terawat	15	0	0	15
double	15	1	0	16
ditutup	15	1	1	17
hmm	15	0	1	16
telat	15	0	0	15
juicy	15	2	0	17
oreo	15	1	1	17
ketum	15	1	0	16
ajaran	15	3	0	18
dim	15	3	0	18
kejaksaan	15	0	0	15
sekian	15	0	0	15
kesempatan	15	2	1	18
lama-lama	15	2	0	17
berhubung	15	1	0	16
cupu	15	4	2	21
betul	15	1	1	17
set	15	1	0	16
gorengan	14	0	0	14
bernama	14	2	0	16
tertata	14	3	0	17
total	14	1	1	16
square	14	4	1	19
instan	14	2	0	16
kolonial	14	0	0	14
pondok	14	1	0	15
negatif	14	0	1	15
ketiga	14	4	3	21
17	14	0	1	15
banjir	14	0	1	15
pedagang	14	1	0	15
raos	14	2	0	16
bolu	14	0	0	14
menghilangkan	14	2	1	17
masjid	14	1	2	17
layar	14	3	3	20
didapatkan	14	1	0	15
ribs	14	0	0	14
hejo	14	3	0	17
damai	14	1	1	16
bersaing	14	0	0	14
mengganggu	14	1	1	16
diah	14	3	0	17
ijo	14	2	0	16
perbedaan	14	0	2	16
sea	14	2	0	16
diusung	14	1	0	15
menyatu	14	1	0	15
haram	14	1	0	15
lawan	14	2	2	18
kucing	14	4	0	18
koruptor	14	2	0	16
yam	14	2	0	16
gejrot	14	1	0	15
refill	14	0	0	14
status	14	0	4	18
ampela	14	1	0	15
hobi	14	1	0	15
...	14	2	2	18
ditemui	14	2	0	16
jam-jam	14	0	0	14
perbukitan	14	0	0	14
menunjukkan	14	0	0	14
terbayarkan	14	1	0	15
dimalam	14	0	0	14
jabar	14	0	0	14
pejabat	14	0	1	15
internasional	14	1	0	15
menanyakan	14	2	0	16
keputusan	14	2	2	18
ekor	14	3	0	17
200	14	3	3	20
prestasi	14	0	0	14
kenyataan	14	0	2	16
was	14	0	0	14
juanda	14	3	0	17
minim	14	0	0	14
peduli	14	0	1	15
berhenti	14	1	0	15
samsung	14	1	18	33
pro	14	4	3	21
bolehlah	14	2	0	16
gemericik	14	3	0	17
iklan	14	2	4	20
mafia	14	3	0	17
twitter	14	2	0	16
berkesempatan	14	0	0	14
cafe	14	3	0	17
sama-sama	14	2	0	16
muncul	14	0	2	16
bakalan	14	2	0	16
hotplate	14	0	0	14
said	14	1	0	15
amin	14	1	4	19
memimpin	14	0	0	14
kebijakan	14	1	2	17
open	14	2	1	17
pemain	14	1	7	22
baiknya	14	2	3	19
kala	14	2	0	16
mencuri	14	3	0	17
antik	14	3	0	17
menanjak	14	0	0	14
kampungan	14	1	0	15
mengerti	14	1	3	18
mengisi	14	1	1	16
serius	14	1	1	16
seporsi	14	1	0	15
khawatir	14	4	1	19
penat	14	3	0	17
normal	14	1	2	17
niat	14	1	3	18
betawi	14	0	0	14
januari	14	2	0	16
aksi	14	0	0	14
pendamping	14	1	0	15
bbq	14	2	0	16
maklum	14	2	0	16
staff	14	5	0	19
sarang	14	3	0	17
membaca	14	2	0	16
abang	14	2	1	17
coffee	14	3	0	17
garam	14	0	0	14
sebut	14	0	0	14
kaliki	14	2	0	16
dipenuhi	14	3	0	17
prima	14	1	2	17
crispy	14	0	0	14
turis	13	1	0	14
segitu	13	3	0	16
japanese	13	0	0	13
keunikan	13	4	0	17
diiringi	13	4	0	17
berarti	13	2	1	16
cost	13	4	0	17
angkot	13	1	0	14
fakta	13	1	0	14
sekeliling	13	2	0	15
kelezatan	13	0	0	13
nenek	13	4	0	17
seharga	13	1	0	14
rupanya	13	0	0	13
reuni	13	0	0	13
bernostalgia	13	1	0	14
deras	13	1	0	14
madtari	13	1	0	14
admin	13	1	0	14
rezim	13	1	0	14
bubar	13	0	0	13
inginkan	13	2	0	15
sejenak	13	1	0	14
diwaspadai	13	0	1	14
hadori	13	0	0	13
pecat	13	0	0	13
pa	13	0	0	13
resi	13	2	0	15
serentak	13	1	0	14
berangkat	13	1	0	14
waffle	13	1	0	14
jembatan	13	2	0	15
pengguna	13	2	6	21
lepas	13	0	1	14
pancasila	13	4	3	20
domba	13	0	0	13
perasaan	13	4	0	17
satu-satunya	13	0	0	13
tokoh	13	2	2	17
inti	13	0	1	14
yakni	13	1	1	15
ketahuan	13	0	0	13
time	13	0	1	14
sewa	13	1	0	14
sapo	13	0	0	13
membuka	13	2	0	15
ornamen	13	0	0	13
pernikahan	13	0	0	13
garut	13	0	0	13
datangi	13	1	0	14
juragan	13	1	0	14
tebu	13	2	0	15
ngomong	13	3	2	18
tadinya	13	3	2	18
nomer	13	3	2	18
pauk	13	2	0	15
premium	13	2	1	16
dukungan	13	3	1	17
momen	13	2	0	15
pemilih	13	2	0	15
emosi	13	2	1	16
lalap	13	0	0	13
cipaganti	13	1	0	14
bantuan	13	0	1	14
kumuh	13	1	0	14
habib	13	2	1	16
usung	13	4	0	17
zupa	13	0	0	13
suku	13	0	1	14
dibiarkan	13	1	3	17
berkonsep	13	2	0	15
markotop	13	2	0	15
hadir	13	0	4	17
facebook	13	0	0	13
tanggap	13	0	1	14
terhormat	13	3	2	18
bervariatif	13	0	0	13
45	13	0	0	13
besar-besar	13	3	0	16
hyper	13	3	0	16
dibantu	13	2	0	15
gudeg	13	1	0	14
2x	13	0	3	16
muhammad	13	1	0	14
60	13	0	0	13
dekor	13	2	0	15
chef	13	2	1	16
rindu	13	3	0	16
memenuhi	13	2	0	15
jaya	13	1	0	14
hubungan	13	1	1	15
berbagi	13	3	1	17
polri	13	2	0	15
tahan	13	4	1	18
generasi	13	0	0	13
nyamuk	13	3	0	16
sumatera	13	2	2	17
kejutan	13	1	0	14
sebentar	13	5	1	19
kematangan	13	2	0	15
restoran-restoran	13	0	0	13
kira-kira	12	2	0	14
memetik	12	2	0	14
tipu	12	0	2	14
peristiwa	12	1	0	13
mikir	12	2	1	15
beruntung	12	5	1	18
teringat	12	1	0	13
pengin	12	2	1	15
pertandingan	12	0	1	13
dedi	12	1	0	13
cake	12	2	0	14
kisaran	12	3	0	15
komisi	12	0	1	13
komunis	12	0	0	12
perbelanjaan	12	2	0	14
rekreasi	12	2	0	14
talaga	12	4	0	16
villa	12	1	0	13
jadilah	12	1	1	14
tata	12	0	2	14
=	12	1	0	13
bawal	12	1	0	13
latar	12	0	0	12
lukisan	12	0	0	12
pekerjaan	12	2	0	14
35	12	1	0	13
amanda	12	0	0	12
bersyukur	12	0	2	14
pinter	12	1	1	14
jendela	12	2	0	14
ruko	12	1	0	13
maulana	12	1	0	13
koneksi	12	2	0	14
terbukti	12	0	1	13
nge	12	4	0	16
kuno	12	2	0	14
pintar	12	1	0	13
sekitaran	12	1	0	13
stop	12	3	2	17
gule	12	2	0	14
tutug	12	1	0	13
haji	12	2	2	16
70	12	0	1	13
kabar	12	4	4	20
habiskan	12	1	0	13
kang	12	1	0	13
berwisata	12	2	0	14
dianjurkan	12	1	0	13
dataran	12	0	0	12
makanan-makanan	12	3	1	16
fine	12	2	0	14
plastik	12	2	0	14
lunak	12	0	0	12
blok	12	1	0	13
swike	12	0	0	12
sesak	12	3	0	15
rambut	12	4	0	16
kepedasan	12	2	0	14
milk	12	2	2	16
nostalgia	12	2	0	14
katakan	12	2	0	14
000	12	2	0	14
lift	12	0	0	12
balita	12	2	0	14
cerdas	12	4	3	19
terbaru	12	0	1	13
gepuk	12	2	0	14
luxury	12	3	0	15
serayu	12	0	0	12
mengalahkan	12	3	3	18
memadai	12	0	0	12
populer	12	0	1	13
presentasi	12	1	1	14
layaknya	12	3	0	15
vegetarian	12	0	0	12
permintaan	12	1	0	13
butter	12	2	0	14
jagoan	12	2	0	14
kawan	12	1	0	13
parit	12	0	0	12
lemak	12	4	0	16
lychee	12	0	0	12
tangkap	12	3	0	15
disuguhi	12	2	0	14
shake	12	3	0	15
kembang	12	0	1	13
wedang	12	1	0	13
aktivitas	12	0	0	12
tes	12	0	0	12
seminggu	12	1	0	13
panggung	12	1	1	14
dining	12	5	0	17
penerangan	12	1	0	13
peda	12	1	0	13
thailand	12	0	2	14
balok	12	1	0	13
profesional	12	5	3	20
semarang	12	1	0	13
pajajaran	12	2	0	14
cucu	12	1	0	13
rencana	12	2	1	15
tagihan	12	1	4	17
diantara	12	1	0	13
lahan	12	1	0	13
senyum	12	2	0	14
klaim	12	0	1	13
nabi	12	1	0	13
memandang	12	0	0	12
udon	12	0	0	12
sejarah	12	3	1	16
maknyus	12	1	1	14
disayangkan	12	2	0	14
citra	12	1	0	13
cincang	12	6	0	18
ati	12	2	0	14
way	12	1	0	13
aglio	12	0	0	12
maksud	12	3	0	15
perayaan	12	2	0	14
trip	12	2	0	14
16	12	1	1	14
0	12	1	2	15
bela	12	1	0	13
negri	12	0	0	12
bersatu	12	2	0	14
hiburan	12	1	0	13
ampe	12	0	0	12
peranakan	12	1	0	13
minimalis	12	1	0	13
santapan	12	0	0	12
bandrek	12	1	0	13
mental	12	6	0	18
pikiran	12	0	0	12
september	12	0	0	12
xl	12	0	4	16
sesuatu	12	4	0	16
homo	12	3	0	15
kipas	12	2	0	14
protes	12	2	0	14
nothing	12	1	0	13
pembelian	11	3	1	15
berbuka	11	4	1	16
mega	11	1	0	12
nangis	11	1	0	12
rute	11	1	0	12
tunggal	11	1	0	12
sabun	11	1	0	12
buddha	11	1	0	12
rupa	11	0	0	11
budaya	11	0	4	15
cawagub	11	0	0	11
sendok	11	6	0	17
cabai	11	1	1	13
menyerang	11	0	0	11
jabatan	11	1	1	13
diperhatikan	11	1	2	14
youtube	11	1	0	12
restorant	11	2	0	13
mempertahankan	11	2	0	13
dibangun	11	0	1	12
membangun	11	0	2	13
dengki	11	0	0	11
menyarankan	11	0	0	11
shop	11	2	0	13
se	11	2	0	13
radikal	11	0	1	12
kemahalan	11	1	1	13
bersebelahan	11	2	0	13
ppp	11	1	0	12
mahmud	11	0	0	11
waroeng	11	2	0	13
kocek	11	1	0	12
hiasan	11	1	0	12
sang	11	2	0	13
adil	11	1	1	13
favourite	11	1	0	12
banding	11	0	0	11
okonomiyaki	11	0	0	11
ledeng	11	2	0	13
gaji	11	2	1	14
dikenakan	11	1	1	13
beer	11	0	0	11
kafe-kafe	11	2	0	13
berhasil	11	1	1	13
konfirmasi	11	2	4	17
saldo	11	0	1	12
memakan	11	2	0	13
salat	11	1	0	12
diisi	11	3	0	14
dirumah	11	1	0	12
kantin	11	0	0	11
plate	11	1	0	12
memudahkan	11	0	2	13
menampung	11	0	0	11
disertai	11	1	0	12
perusahaan	11	0	2	13
sehari	11	1	1	13
dela	11	2	0	13
capres	11	2	1	14
warteg	11	0	0	11
lahap	11	1	0	12
junction	11	1	0	12
menjelaskan	11	0	0	11
kedatangan	11	1	0	12
isian	11	0	0	11
bisa-bisa	11	0	0	11
p	11	0	0	11
pemilu	11	0	0	11
hm	11	2	1	14
mendekati	11	0	1	12
dirut	11	5	1	17
temaram	11	3	0	14
bukanlah	11	1	0	12
tusuk	11	2	0	13
sebesar	11	2	1	14
juni	11	2	0	13
utang	11	0	0	11
duluan	11	0	0	11
wahid	11	1	0	12
garden	11	0	0	11
kumpul-kumpul	11	1	0	12
otak-otak	11	0	0	11
bangun	11	1	2	14
e-ktp	11	0	0	11
kerapu	11	0	0	11
gas	11	0	0	11
djarum	11	1	0	12
pria	11	2	0	13
yogya	11	2	0	13
teduh	11	5	0	16
berguna	11	4	0	15
vs	11	2	0	13
kecil-kecil	11	1	0	12
cukuplah	11	0	1	12
petunjuk	11	1	0	12
ditata	11	1	0	12
hmmm	11	2	0	13
alamat	11	0	0	11
ciumbuleuit	11	1	0	12
ditangkap	11	3	0	14
black	11	1	0	12
repot	11	0	0	11
solusi	11	1	8	20
dipanaskan	11	0	0	11
rentang	11	1	0	12
cakue	11	0	0	11
aparat	11	0	0	11
zaadit	11	0	0	11
dibersihkan	11	0	0	11
drama	11	1	0	12
disuguhkan	11	2	0	13
natal	11	2	0	13
kemasan	11	1	1	13
berbohong	11	0	0	11
redmi	11	0	1	12
alunan	11	2	0	13
mengundang	11	3	0	14
paketan	11	2	0	13
lah	11	0	1	12
umur	11	2	1	14
sel	11	0	0	11
le	11	0	0	11
puding	11	0	0	11
jorok	11	1	0	12
disiram	11	0	0	11
crab	11	1	0	12
bising	11	0	0	11
mix	11	1	0	12
sunset	11	0	0	11
berantakan	11	1	1	13
pilihlah	11	1	0	12
yogyakarta	11	0	0	11
berdekatan	11	2	0	13
rose	11	0	0	11
homy	11	0	0	11
tahi	11	1	0	12
obrolan	11	0	1	12
otomatis	11	0	1	12
mayoritas	11	5	0	16
di-mana	11	1	0	12
aktif	11	1	1	13
gocar	11	1	0	12
red	11	2	0	13
karet	11	1	0	12
mengadakan	11	1	1	13
jaga	11	2	1	14
150	11	1	1	13
ketinggalan	11	2	0	13
market	11	2	0	13
sepatu	11	0	1	12
diakses	11	0	0	11
penyewa	11	1	0	12
kemacetan	10	0	0	10
kuis	10	0	0	10
agung	10	2	1	13
dihitung	10	1	0	11
wahana	10	0	0	10
temui	10	2	0	12
program	10	3	1	14
enek	10	2	0	12
laku	10	0	0	10
tenda	10	0	0	10
terkait	10	2	2	14
dadak	10	4	0	14
kontrak	10	1	0	11
rasakan	10	1	0	11
tulisan	10	3	1	14
antek	10	0	0	10
sukai	10	1	0	11
ibu-ibu	10	1	0	11
bertambah	10	0	0	10
kafetaria	10	1	0	11
hahahaha	10	0	0	10
wahai	10	1	0	11
pencuci	10	0	0	10
bratwurst	10	0	0	10
disiapkan	10	1	0	11
garpu	10	3	0	13
perusak	10	0	0	10
long	10	3	0	13
unik-unik	10	1	0	11
ekonomi	10	6	0	16
mana-mana	10	2	1	13
ngapain	10	0	0	10
private	10	0	0	10
king	10	1	0	11
memerlukan	10	0	0	10
ipul	10	1	0	11
toyota	10	0	1	11
ustad	10	2	0	12
lasagna	10	1	0	11
berenang	10	1	1	12
meat	10	0	0	10
terbang	10	1	0	11
kesalahan	10	3	2	15
obat	10	0	0	10
puri	10	1	0	11
shuttle	10	0	0	10
berbahan	10	1	0	11
fried	10	0	0	10
jahe	10	1	0	11
diproses	10	1	2	13
pertanyaan	10	0	1	11
mbps	10	0	0	10
berkurang	10	0	0	10
abuba	10	2	0	12
kitchen	10	0	0	10
sandwich	10	0	0	10
perang	10	0	0	10
kawan-kawan	10	0	0	10
hak	10	1	4	15
toh	10	2	0	12
pelayana	10	1	1	12
kulkas	10	2	0	12
clappinghands	10	0	0	10
berkali-kali	10	0	3	13
nachos	10	2	0	12
pusing	10	0	2	12
bakpao	10	0	0	10
penduduk	10	0	1	11
pujasera	10	3	1	14
kasar	10	1	0	11
urus	10	1	0	11
halus	10	2	0	12
bioskop	10	0	1	11
hamzah	10	2	0	12
nyonya	10	3	0	13
gps	10	0	0	10
laptop	10	4	3	17
banana	10	2	0	12
hendak	10	2	0	12
beres	10	2	0	12
relax	10	1	0	11
jateng	10	0	1	11
tas	10	1	0	11
kepentingan	10	1	2	13
rekening	10	1	5	16
lancar	10	1	5	16
meter	10	4	0	14
agustus	10	1	2	13
dikembalikan	10	2	4	16
jeroan	10	1	0	11
orange	10	2	0	12
hamid	10	3	0	13
persen	10	0	0	10
renovasi	10	0	0	10
kerang	10	1	0	11
berkuah	10	0	0	10
ganjar	10	1	0	11
universitas	10	0	0	10
betul-betul	10	0	1	11
katsu	10	1	0	11
brebes	10	1	0	11
kabur	10	1	0	11
komentar	10	4	1	15
anniversary	10	1	0	11
santai-santai	10	1	0	11
melimpah	10	2	1	13
woi	10	2	0	12
remang-remang	10	1	1	12
harum	10	0	0	10
wib	10	1	0	11
bistik	10	0	0	10
pembohong	10	1	0	11
kolega	10	0	0	10
kerlip	10	0	0	10
penjilat	10	1	0	11
bermutu	10	2	0	12
alay	10	0	1	11
guling	10	3	0	13
dikelilingi	10	2	0	12
nyesel	10	0	1	11
27	10	0	1	11
supermarket	10	2	1	13
tengah-tengah	10	2	1	13
asus	10	1	4	15
14	10	0	1	11
buffet	10	1	0	11
spagheti	10	0	0	10
harap	10	0	0	10
nafsu	10	0	1	11
recommended	10	1	0	11
sangat-sangat	10	2	0	12
terbesar	10	2	0	12
keunggulan	10	1	0	11
classic	10	2	0	12
merusak	10	4	1	15
weekend	10	1	0	11
salam	10	6	1	17
manfaat	10	0	0	10
mengirim	10	1	1	12
sisa	10	2	0	12
kolak	10	0	0	10
mampus	10	2	1	13
detail	10	1	0	11
mengingatkan	10	2	0	12
mengesankan	10	3	0	13
setara	10	1	1	12
cimahi	10	1	1	12
malaysia	10	0	1	11
atm	10	2	2	14
kenikmatan	10	0	0	10
buta	10	2	0	12
v	10	3	0	13
mengeluarkan	10	2	0	12
see	10	0	0	10
kamis	10	0	1	11
i	10	0	0	10
nongkrong-nongkrong	10	1	1	12
c	10	0	0	10
baterai	10	0	2	12
bad	10	1	0	11
samcan	10	0	0	10
cirebon	10	2	0	12
kukus	10	0	0	10
bos	10	0	1	11
boedjangan	10	0	0	10
om	10	2	0	12
desert	10	0	0	10
terpisah	10	2	0	12
mesin	10	3	1	14
hiruk	10	2	0	12
pikuk	10	2	0	12
membutuhkan	10	0	1	11
barisan	10	2	0	12
terjebak	10	1	0	11
pahit	10	0	0	10
yani	10	0	0	10
tangkuban	10	1	0	11
ade	10	2	1	13
rimbun	10	0	0	10
jaksa	10	1	0	11
kemenangan	10	3	0	13
dikira	10	0	0	10
malam-malam	10	5	0	15
kampanye	10	4	0	14
paduan	10	0	1	11
perubahan	10	2	1	13
suci	10	3	0	13
nga	9	0	1	10
gajah	9	3	0	12
parpol	9	0	0	9
kagum	9	1	0	10
joko	9	1	2	12
pelaku	9	1	1	11
diantar	9	1	0	10
ekonomis	9	0	0	9
jadikan	9	1	0	10
nan	9	0	0	9
bermerek	9	0	1	10
bulat	9	0	0	9
blue	9	1	0	10
kece	9	4	2	15
belokan	9	0	0	9
games	9	0	9	18
melainkan	9	1	1	11
pengaturan	9	0	0	9
atmosphere	9	1	0	10
sifat	9	0	0	9
pempek	9	0	0	9
bermasalah	9	0	2	11
provider	9	1	0	10
meninggalkan	9	0	1	10
berpikir	9	5	0	14
berusaha	9	3	2	14
juli	9	0	3	12
house	9	2	0	11
detik	9	0	3	12
orderan	9	0	0	9
oposisi	9	0	0	9
tiada	9	0	1	10
kagak	9	2	2	13
hutang	9	0	0	9
beralaskan	9	1	0	10
kah	9	1	0	10
klik	9	2	0	11
mama	9	0	0	9
caramel	9	0	0	9
menambahkan	9	3	0	12
registrasi	9	3	0	12
noah	9	1	0	10
ahy	9	4	2	15
colenak	9	0	0	9
colokan	9	2	0	11
note	9	1	2	12
terlupakan	9	2	0	11
dijaga	9	2	2	13
lampung	9	0	0	9
obor	9	1	0	10
makan-makan	9	0	0	9
mahal-mahal	9	0	0	9
mineral	9	0	1	10
disini	9	1	0	10
jadul	9	0	0	9
cincau	9	1	0	10
nyawa	9	0	1	10
bri	9	4	2	15
panas-panas	9	1	0	10
ciganea	9	1	0	10
terpencil	9	1	0	10
ban	9	0	0	9
bak	9	2	0	11
message	9	0	0	9
pencahayaan	9	0	0	9
menyuguhkan	9	1	0	10
band	9	3	2	14
stres	9	0	0	9
didesain	9	0	0	9
enjoy	9	1	1	11
dimiliki	9	2	2	13
photo	9	0	0	9
space	9	2	0	11
dewasa	9	3	0	12
suruh	9	2	4	15
semilir	9	0	0	9
itu-itu	9	0	0	9
250	9	1	0	10
sekalipun	9	0	0	9
nanas	9	1	0	10
sofa-sofa	9	0	0	9
toleransi	9	2	0	11
banci	9	0	1	10
judul	9	0	0	9
ktp	9	0	1	10
sebulan	9	1	0	10
tanda	9	2	1	12
oktober	9	0	0	9
bergabung	9	1	1	11
gelato	9	0	0	9
penjelasan	9	3	1	13
biru	9	1	1	11
dech	9	2	0	11
dinas	9	1	0	10
bangetlah	9	1	1	11
disesuaikan	9	1	0	10
okok	9	0	0	9
wings	9	5	0	14
minimum	9	1	0	10
bongkar	9	0	0	9
capcay	9	6	0	15
olio	9	0	0	9
awet	9	0	1	10
eksis	9	1	0	10
ham	9	0	0	9
citylink	9	3	0	12
manajemen	9	0	0	9
appetizer	9	3	0	12
terlambat	9	2	0	11
biarkan	9	2	0	11
coffe	9	5	0	14
pendapat	9	0	0	9
shabu-shabu	9	1	0	10
ditambahkan	9	0	0	9
putri	9	0	0	9
arsitektur	9	2	0	11
selebihnya	9	0	0	9
resep	9	1	0	10
30.000	9	2	1	12
laten	9	1	0	10
antrian	9	1	0	10
direnovasi	9	0	0	9
tertipu	9	1	2	12
yun	9	0	0	9
yes	9	0	0	9
terdekat	9	3	3	15
ajar	9	0	0	9
khofifah	9	0	0	9
higienis	9	0	0	9
atmosfer	9	0	0	9
pinggiran	9	1	0	10
hatta	9	3	0	12
singkong	9	2	0	11
fish	9	4	0	13
responsif	9	0	0	9
terpaksa	9	3	0	12
kitab	9	0	0	9
sinetron	9	5	4	18
woy	9	1	0	10
legit	9	1	0	10
avocado	9	0	0	9
rs	9	2	2	13
menyiapkan	9	2	0	11
tertutup	9	3	0	12
sudi	9	0	1	10
ngemil	9	1	0	10
kegiatan	9	2	2	13
gaul	9	1	0	10
1000	9	0	1	10
mengantar	9	0	0	9
gado-gado	9	2	0	11
wajah	9	2	1	12
teri	9	1	0	10
tanggung	9	0	1	10
aisyah	9	0	0	9
giri	9	0	0	9
de	9	1	0	10
disukai	9	1	0	10
krispi	9	2	0	11
akibat	9	1	0	10
sumsum	9	0	0	9
menganggap	9	1	0	10
mengandung	9	1	1	11
roll	9	0	0	9
korban	9	2	4	15
alpukat	9	0	0	9
cape	9	3	0	12
perokok	9	0	0	9
mulyadi	9	1	0	10
mengalami	9	1	1	11
ribut	9	2	2	13
lanjut	9	2	1	12
pesawat	9	0	10	19
dipadukan	9	0	0	9
menyatakan	9	0	0	9
terisi	9	0	0	9
bantal	9	2	0	11
gangguan	9	0	0	9
dominan	9	0	0	9
kesulitan	9	1	0	10
barista	9	1	0	10
komik	9	4	0	13
homey	9	0	0	9
dibikin	9	0	2	11
didatangi	9	1	0	10
ratusan	9	0	3	12
count	9	3	0	12
berkisar	9	1	0	10
pengkolan	9	0	0	9
mentah	9	1	0	10
pssi	9	1	0	10
jambal	9	1	0	10
toast	9	3	0	12
hewan	9	1	0	10
rajam	9	1	0	10
tercium	9	0	0	9
seadanya	9	2	0	11
terdengar	9	3	1	13
quick	9	3	0	12
pork	9	2	0	11
sialan	9	0	2	11
imam	9	5	0	14
kata-kata	9	3	0	12
lapangan	9	2	2	13
bangkrut	8	0	0	8
t	8	0	0	8
babu	8	2	0	10
l	8	0	1	9
terbakar	8	0	0	8
tiongkok	8	0	0	8
lapang	8	2	0	10
panglima	8	0	0	8
keinginan	8	1	1	10
viralkan	8	2	0	10
langit	8	1	0	9
kehidupan	8	4	0	12
j	8	0	0	8
fox	8	1	0	9
gerbang	8	0	0	8
terpotong	8	1	0	9
menyebut	8	1	0	9
lebar	8	3	1	12
wortel	8	2	1	11
pasukan	8	1	0	9
botol	8	0	0	8
subuh	8	0	0	8
pakaian	8	0	0	8
walikota	8	2	0	10
nantinya	8	0	0	8
jajan	8	1	0	9
lutung	8	0	0	8
antusias	8	0	1	9
madame	8	0	0	8
palsu	8	1	0	9
menjatuhkan	8	1	0	9
pembeli	8	1	0	9
dadar	8	0	0	8
angkutan	8	2	1	11
anggaran	8	0	0	8
eror	8	0	2	10
adit	8	0	0	8
dendam	8	1	0	9
dibumbui	8	0	0	8
emil	8	0	0	8
menghindari	8	1	1	10
pelacur	8	0	0	8
st	8	1	0	9
curam	8	1	0	9
manual	8	1	0	9
gerimis	8	0	0	8
gado	8	0	0	8
kerabat	8	1	0	9
siapkan	8	1	0	9
bonus	8	0	2	10
dish	8	0	0	8
tikungan	8	1	0	9
standarlah	8	3	0	11
politikus	8	1	0	9
teriyaki	8	0	0	8
wapres	8	1	1	10
laki-laki	8	0	1	9
kodok	8	0	0	8
ta	8	1	1	10
wagub	8	2	0	10
empat	8	1	0	9
dsb	8	0	0	8
menutupi	8	0	1	9
cc	8	2	0	10
badai	8	0	1	9
berulang	8	1	0	9
pepper	8	2	0	10
penilaian	8	0	0	8
rahasia	8	0	0	8
bandara	8	2	0	10
punggung	8	1	0	9
ikon	8	0	0	8
kampret	8	1	0	9
kesehatan	8	0	1	9
berasal	8	2	0	10
msg	8	0	0	8
ajang	8	0	0	8
shopping	8	0	0	8
nunggu	8	0	0	8
dipercaya	8	2	2	12
diperiksa	8	1	1	10
debat	8	1	0	9
keburu	8	2	0	10
gosong	8	3	0	11
gosend	8	0	0	8
semangkuk	8	0	0	8
jelang	8	1	0	9
kaya	8	1	1	10
pengen	8	6	0	14
jiwa	8	2	1	11
membayangkan	8	0	2	10
pengganti	8	2	0	10
pasang	8	1	2	11
waras	8	1	0	9
diarahkan	8	0	0	8
anis	8	2	0	10
bersabar	8	1	0	9
jari	8	1	1	10
pastry	8	0	0	8
richeese	8	0	0	8
payung	8	1	0	9
rek	8	0	0	8
jengkel	8	1	0	9
hitung	8	0	0	8
jago	8	1	1	10
berkuasa	8	0	1	9
berkilah	8	0	0	8
mango	8	0	0	8
sampai-sampai	8	0	0	8
golden	8	0	0	8
tanyakan	8	1	1	10
proyek	8	1	0	9
aloi	8	1	0	9
19	8	1	2	11
netral	8	2	0	10
meleleh	8	0	0	8
3x	8	0	1	9
infrastruktur	8	2	0	10
hindari	8	0	0	8
pricey	8	2	0	10
nampak	8	4	0	12
its	8	1	2	11
home	8	2	0	10
98	8	1	0	9
puncak	8	2	0	10
authentic	8	1	0	9
tulus	8	0	0	8
pencinta	8	2	0	10
rutinitas	8	0	0	8
dugaan	8	1	0	9
tunai	8	0	0	8
rangka	8	2	0	10
menghangatkan	8	1	0	9
13	8	0	1	9
flower	8	0	0	8
dihangatkan	8	0	0	8
disebelah	8	0	0	8
disekitar	8	1	0	9
monas	8	0	0	8
luhut	8	0	0	8
brengsek	8	0	0	8
koki	8	1	0	9
pelengkap	8	0	0	8
sempatkan	8	1	0	9
gereja	8	0	0	8
pidato	8	1	1	10
kencur	8	0	0	8
berikan	8	0	1	9
personal	8	2	0	10
yen	8	0	0	8
pecundang	8	0	0	8
penenggelaman	8	0	0	8
gabung	8	1	0	9
kecoa	8	1	0	9
kos	8	1	0	9
sekedar	8	3	0	11
bersiap	8	0	0	8
gatot	8	1	0	9
kenangan	8	0	0	8
playground	8	2	0	10
kopitiam	8	1	0	9
unggul	8	3	0	11
ditolak	8	0	0	8
ratu	8	0	0	8
lembaga	8	3	0	11
bowl	8	1	0	9
tersisa	8	2	0	10
khilafah	8	0	0	8
anggap	8	1	0	9
mengurangi	8	0	1	9
menempel	8	2	0	10
center	8	1	0	9
sopir	8	0	0	8
reasonable	8	2	0	10
onta	8	0	0	8
menghadapi	8	0	0	8
dijawab	8	0	1	9
cokelat	8	2	0	10
dipimpin	8	3	1	12
tenggelam	8	0	3	11
cetek	8	1	1	10
mengenal	8	3	0	11
seakan	8	2	0	10
kejadian	8	1	1	10
kalimantan	8	1	1	10
survei	8	2	0	10
singapura	8	0	0	8
mendatangi	8	0	0	8
25.000	8	1	0	9
suguhan	8	2	0	10
bakery	8	1	0	9
keadilan	8	0	0	8
wong	8	2	0	10
boneka	8	0	0	8
gaduh	8	1	2	11
seolah	8	2	0	10
paha	8	1	0	9
bandingkan	8	0	1	9
selfie	8	1	0	9
server	8	0	0	8
tanaman	8	3	0	11
banda	8	0	0	8
pulau	8	3	4	15
belakangan	8	0	1	9
sesama	8	0	1	9
espresso	8	0	0	8
familiar	8	1	0	9
bawaan	8	0	0	8
belah	8	1	0	9
putus	8	0	0	8
queen	8	2	0	10
perkebunan	8	1	0	9
sidang	8	0	0	8
500	8	1	0	9
sereh	8	1	0	9
lewatkan	8	1	0	9
balado	8	1	0	9
bakwan	8	0	0	8
ikuti	8	1	0	9
opsi	8	1	0	9
rasis	8	1	0	9
meyakinkan	8	0	0	8
dibutuhkan	8	0	1	9
tanggapan	8	2	1	11
laporan	8	0	5	13
grill	8	2	0	10
memastikan	8	1	0	9
batik	8	0	0	8
wedding	8	2	0	10
vanilla	8	2	0	10
size	8	0	0	8
pasirkaliki	8	1	0	9
gentong	8	0	0	8
smoking	8	1	0	9
buni	8	2	0	10
shin	8	0	0	8
dimulai	8	0	1	9
vintage	8	2	0	10
menonjol	8	1	0	9
kesimpulan	8	0	0	8
informasikan	7	2	0	9
isteri	7	0	0	7
sejumlah	7	1	0	8
overpriced	7	1	0	8
sri	7	0	1	8
lengket	7	0	0	7
tombol	7	0	0	7
temukan	7	3	0	10
lapak	7	3	0	10
tempura	7	0	0	7
seberapa	7	0	0	7
tomyam	7	0	0	7
sebanyak	7	3	0	10
panser	7	0	0	7
pantai	7	0	1	8
tembak	7	2	0	9
dibalut	7	0	0	7
mendengarkan	7	0	0	7
menipu	7	0	1	8
makassar	7	3	0	10
pariwisata	7	0	1	8
wi	7	1	0	8
wali	7	2	0	9
tkp	7	1	0	8
sepiring	7	0	0	7
penjualan	7	0	0	7
dikantong	7	0	0	7
beristirahat	7	0	0	7
ilmu	7	1	1	9
kebutuhan	7	1	1	9
tindakan	7	0	0	7
racikan	7	3	0	10
zuppa	7	3	0	10
bersama-sama	7	1	0	8
mengobati	7	0	0	7
panggil	7	2	0	9
usir	7	2	0	9
maret	7	1	1	9
pura	7	0	0	7
semenjak	7	0	0	7
ter	7	1	0	8
banking	7	1	1	9
isis	7	0	0	7
mentri	7	0	0	7
dipersilakan	7	0	0	7
abdul	7	1	0	8
membedakan	7	0	0	7
vila	7	1	0	8
tiramisu	7	0	0	7
tongseng	7	0	0	7
seumur	7	0	1	8
paslon	7	1	0	8
ibadah	7	1	0	8
sepeda	7	2	0	9
elegant	7	0	0	7
vietnam	7	2	1	10
water	7	1	0	8
hadiah	7	3	2	12
kriuk	7	2	0	9
oon	7	1	0	8
transportasi	7	1	0	8
gurami	7	1	0	8
cacat	7	1	0	8
sanggup	7	1	0	8
arya	7	0	0	7
kios	7	1	0	8
birthday	7	2	0	9
bolak	7	0	2	9
korup	7	1	0	8
sariayu	7	2	0	9
internal	7	1	0	8
menjamu	7	0	0	7
porto	7	0	0	7
sore-sore	7	0	0	7
politisi	7	1	2	10
omongan	7	1	0	8
moral	7	0	1	8
menyambut	7	2	0	9
menyangka	7	1	0	8
berkeliling	7	1	0	8
sebandinglah	7	0	0	7
ramadhan	7	0	1	8
pendidikan	7	1	1	9
hanura	7	1	0	8
setahu	7	1	0	8
bercengkrama	7	1	0	8
bermanfaat	7	2	0	9
eksotis	7	0	0	7
bensin	7	0	0	7
wasit	7	0	0	7
maranggi	7	0	0	7
aqua	7	0	0	7
pura-pura	7	0	0	7
berbintang	7	0	0	7
bendera	7	2	0	9
kakek	7	0	0	7
terhitung	7	0	0	7
pete	7	4	0	11
berbanding	7	0	0	7
kakap	7	3	0	10
pos	7	1	0	8
dipecat	7	1	0	8
pie	7	0	0	7
pengap	7	0	0	7
makanya	7	3	0	10
pertimbangan	7	0	1	8
janjian	7	1	0	8
recomend	7	0	0	7
konon	7	0	0	7
usai	7	2	1	10
thumbsup	7	0	1	8
ubi	7	0	0	7
krupuk	7	1	0	8
anjis	7	0	0	7
lahir	7	1	0	8
furniture	7	1	0	8
be	7	1	0	8
unpad	7	2	0	9
bayam	7	0	0	7
kepenatan	7	0	0	7
yusup	7	0	0	7
kenaikan	7	0	0	7
angus	7	0	0	7
magrib	7	0	0	7
al	7	0	0	7
bumn	7	1	0	8
zadit	7	0	0	7
takoyaki	7	2	0	9
aa	7	0	0	7
periksa	7	0	0	7
po	7	1	0	8
dipertahankan	7	2	0	9
dipo	7	0	0	7
menghargai	7	0	0	7
alhasil	7	0	0	7
elektabilitas	7	2	0	9
fantastis	7	3	0	10
excellent	7	2	0	9
alquran	7	0	0	7
gubuk	7	2	0	9
terjal	7	0	0	7
keramahan	7	0	0	7
go	7	0	11	18
logika	7	3	0	10
menempati	7	0	1	8
syarat	7	1	0	8
mojito	7	0	0	7
bocor	7	1	0	8
15.000	7	1	0	8
lenovo	7	0	5	12
bocah	7	1	1	9
trotoar	7	4	1	12
antri	7	1	0	8
arena	7	1	0	8
suhu	7	1	0	8
hancurkan	7	0	0	7
persatuan	7	1	0	8
game	7	0	0	7
mundur	7	0	0	7
inspirasi	7	1	1	9
pertamina	7	0	0	7
mobile	7	0	0	7
100.000	7	0	0	7
kasarung	7	0	0	7
kendala	7	0	0	7
informatif	7	0	0	7
persiapan	7	0	1	8
teriak	7	1	0	8
miring	7	1	0	8
hamil	7	1	2	10
amerika	7	0	0	7
deddy	7	0	0	7
menangkan	7	1	1	9
dipatiukur	7	1	0	8
album	7	0	2	9
tissue	7	0	0	7
bung	7	1	0	8
keraton	7	0	0	7
dinyalakan	7	0	0	7
curry	7	1	0	8
dilewatkan	7	0	0	7
lurus	7	1	0	8
memalukan	7	2	0	9
kodam	7	0	0	7
slogan	7	1	0	8
akbar	7	0	0	7
saksi	7	0	0	7
dipanggil	7	3	0	10
bercanda	7	2	0	9
vip	7	1	0	8
teriak-teriak	7	1	0	8
bajigur	7	1	0	8
kumpulan	7	0	0	7
didominasi	7	2	0	9
promosi	7	1	0	8
bergerak	7	1	0	8
kupat	7	2	0	9
monyet	7	0	0	7
services	7	0	0	7
noodle	7	0	0	7
lumer	7	1	0	8
sudahlah	7	1	3	11
mengedepankan	7	1	0	8
nasdem	7	2	0	9
suasanan	7	0	0	7
kabupaten	7	0	0	7
tizi	7	2	0	9
kesepian	7	0	0	7
stabil	7	2	0	9
29	7	1	1	9
kekasih	7	0	0	7
sundanese	7	0	0	7
23	7	1	0	8
lobby	7	0	0	7
bites	7	0	0	7
menghancurkan	7	1	0	8
semur	7	0	0	7
spring	7	0	0	7
mudah-mudahan	7	1	0	8
hihi	7	0	0	7
tampil	7	1	0	8
greentea	7	1	0	8
yum	7	2	0	9
maluin	7	1	1	9
tempuh	7	1	0	8
teroris	7	1	0	8
berpasangan	7	0	0	7
lupakan	7	1	0	8
kapasitas	7	0	2	9
kawin	7	1	0	8
parahyangan	7	0	0	7
rumput	7	1	0	8
holycow	7	0	0	7
nyinyir	7	1	0	8
encer	7	3	0	10
diatas	7	1	0	8
preman	7	1	0	8
jnt	7	0	0	7
penguasa	7	0	1	8
sesudah	7	0	0	7
selagi	7	3	0	10
berpadu	7	0	0	7
mengajarkan	7	1	0	8
menurun	7	2	0	9
cibiuk	7	0	0	7
pengikut	7	1	0	8
enggan	7	2	0	9
400	7	0	0	7
crunchy	7	0	0	7
orde	7	0	0	7
baik-baik	7	2	0	9
palembang	7	4	0	11
bento	7	1	0	8
dipasang	7	0	0	7
publik	7	1	1	9
sabang	7	0	0	7
eneng	7	0	0	7
menimbulkan	7	1	0	8
pasal	7	2	0	9
misalnya	7	0	1	8
segelas	7	1	0	8
selasa	7	1	0	8
bepergian	7	1	1	9
satuan	7	1	0	8
flying	7	0	0	7
cha	7	0	0	7
ditempuh	7	0	0	7
cie	7	0	0	7
polos	7	0	0	7
cabul	7	2	0	9
ganteng	7	2	0	9
menulis	7	0	0	7
saboga	7	0	0	7
piala	7	2	3	12
bima	7	0	0	7
menenangkan	7	0	0	7
pengawet	7	0	0	7
basi	7	0	1	8
nipis	7	0	0	7
diolah	7	4	0	11
dokter	7	1	1	9
kebahagiaan	7	1	1	9
awas	7	2	0	9
omong	7	1	0	8
djarot	7	0	0	7
olahraga	7	0	1	8
sesuailah	7	1	0	8
oknum	7	7	0	14
gbk	7	0	0	7
tertinggi	7	1	0	8
manager	7	0	1	8
kemungkinan	7	1	0	8
makananan	7	1	0	8
okay	7	0	0	7
pahlawan	7	0	1	8
ungkep	7	3	0	10
seseorang	7	0	0	7
afternoon	7	1	0	8
hal-hal	7	1	1	9
cobek	7	2	0	9
ekstra	7	0	1	8
hiu	7	0	0	7
dianggap	7	4	2	13
cimplung	7	2	0	9
baku	7	1	0	8
duren	7	0	0	7
yakini	7	0	0	7
seputar	7	0	0	7
ditaburi	7	1	1	9
calais	7	1	0	8
lagu-lagu	7	1	2	10
tingkatkan	7	2	0	9
beras	7	0	0	7
update	7	0	3	10
diiris	7	0	0	7
aci	7	3	0	10
duh	7	2	0	9
apresiasi	7	1	2	10
hop	7	0	0	7
cocoklah	7	1	0	8
ebi	7	1	0	8
berbahaya	7	1	0	8
merugikan	7	0	4	11
bayi	7	0	2	9
mutu	7	0	0	7
perbatasan	7	0	0	7
dihargai	7	0	0	7
menyerap	7	0	0	7
gerobak	7	1	0	8
penerbangan	7	2	4	13
bubble	7	0	0	7
burgundy	7	2	0	9
berjauhan	7	0	0	7
murah-murah	7	1	0	8
sebaliknya	7	1	0	8
dajjal	7	0	0	7
tunjuk	7	1	0	8
skywalk	7	0	0	7
seringkali	7	1	0	8
kwetiaw	7	0	0	7
blackpepper	7	1	0	8
santun	7	0	1	8
mode	7	1	0	8
berencana	7	1	0	8
sampan	7	0	0	7
big	7	1	4	12
fusion	7	0	0	7
pelit	7	1	0	8
tauge	7	1	0	8
stand	7	1	0	8
menolak	7	1	0	8
pake	7	1	0	8
pecah	7	3	0	10
iseng	7	6	2	15
bec	7	1	1	9
menyusahkan	7	2	1	10
pimpinan	7	1	0	8
dahaga	7	1	0	8
curiga	7	1	0	8
dur	6	2	0	8
efek	6	0	0	6
halte	6	0	0	6
sejam	6	0	0	6
mengakui	6	0	0	6
grilled	6	2	0	8
non-halal	6	2	0	8
stusio	6	0	0	6
tantangan	6	0	2	8
licin	6	1	0	7
alergi	6	0	0	6
melanjutkan	6	0	2	8
keluhan	6	0	2	8
non-smoking	6	1	0	7
kornet	6	2	0	8
season	6	1	0	7
masing	6	0	0	6
bom	6	0	1	7
diduga	6	0	0	6
dpp	6	0	0	6
mengusir	6	1	0	7
minoritas	6	0	0	6
menjamur	6	0	0	6
amazing	6	0	0	6
sedemikian	6	0	0	6
keponakan	6	0	0	6
brand	6	2	2	10
muat	6	0	0	6
maps	6	0	0	6
cpns	6	0	0	6
au	6	0	0	6
kreasi	6	0	0	6
lagi-lagi	6	0	1	7
yi	6	0	0	6
cheesy	6	0	0	6
kadang-kadang	6	0	0	6
5a	6	0	0	6
fav	6	1	0	7
membingungkan	6	0	0	6
dipisah	6	2	0	8
melawan	6	0	1	7
tumbuhan	6	0	0	6
menumpuk	6	0	0	6
memperhatikan	6	0	0	6
dipati	6	1	0	7
verde	6	0	0	6
yusuf	6	1	0	7
resort	6	2	0	8
topi	6	0	0	6
acar	6	2	1	9
menggambarkan	6	0	0	6
darah	6	1	0	7
dihiasi	6	0	0	6
melewatkan	6	0	0	6
ditaruh	6	0	0	6
keuangan	6	0	3	9
ketiam	6	1	0	7
objek	6	3	0	9
giant	6	0	0	6
alur	6	0	1	7
26	6	0	1	7
singkat	6	0	0	6
28	6	2	0	8
2012	6	1	0	7
kelewat	6	1	0	7
instagramable	6	0	0	6
martadinata	6	0	0	6
konser	6	0	0	6
light	6	2	0	8
mengeluh	6	0	1	7
sudrajat	6	2	0	8
seblak	6	0	0	6
singkatan	6	0	0	6
eksterior	6	2	0	8
lihat-lihat	6	1	0	7
carte	6	0	0	6
mustika	6	0	0	6
sampek	6	0	0	6
sepakat	6	0	0	6
<	6	0	0	6
almond	6	0	0	6
32	6	0	0	6
self	6	0	0	6
eye	6	3	0	9
creme	6	0	0	6
dipotong	6	0	0	6
unpar	6	1	0	7
ring	6	1	0	7
jenderal	6	0	1	7
mc	6	1	0	7
fire	6	0	0	6
menghubungi	6	0	5	11
abis	6	0	0	6
menyesatkan	6	0	0	6
balas	6	2	1	9
mancur	6	0	0	6
flat	6	0	0	6
april	6	1	0	7
dipajang	6	4	0	10
monkey	6	0	0	6
group	6	0	0	6
memaksa	6	1	0	7
ketan	6	0	2	8
keamanan	6	2	1	9
bodas	6	2	0	8
menghalangi	6	1	0	7
apo	6	1	0	7
bts	6	0	2	8
spageti	6	1	0	7
monopoli	6	0	0	6
jk	6	2	0	8
terhibur	6	0	0	6
rt	6	0	0	6
areal	6	0	0	6
mk	6	0	0	6
mikirin	6	0	4	10
skor	6	0	0	6
copot	6	1	0	7
dayang	6	1	0	7
narkoba	6	0	0	6
kelembekan	6	0	1	7
kehilangan	6	1	0	7
referensi	6	0	0	6
pengkhianat	6	0	0	6
kategori	6	0	0	6
fase	6	0	0	6
asu	6	1	0	7
pemprov	6	0	0	6
makmur	6	0	0	6
style	6	0	0	6
kemanisan	6	1	0	7
pameran	6	0	1	7
mizwar	6	0	0	6
kenakan	6	0	0	6
cireng	6	1	0	7
pribumi-pribumi	6	0	0	6
ketenangan	6	1	0	7
lubang	6	0	0	6
larut	6	1	0	7
goulash	6	0	0	6
industri	6	2	0	8
mozaru	6	3	0	9
pedes	6	1	0	7
advisor	6	1	0	7
kekayaan	6	0	2	8
kekuatan	6	0	0	6
membiarkan	6	0	0	6
sedia	6	0	0	6
du	6	0	0	6
kelamaan	6	1	0	7
india	6	2	2	10
tampaknya	6	0	0	6
keliatan	6	0	0	6
ustaz	6	1	0	7
adat	6	0	2	8
ahokers	6	2	0	8
cm	6	0	0	6
roti-roti	6	0	0	6
cangkir	6	1	0	7
jahat	6	3	0	9
nampaknya	6	1	0	7
keliling	6	4	1	11
gallery	6	1	0	7
hakim	6	0	0	6
seger	6	0	0	6
booth	6	0	0	6
mesjid	6	1	0	7
kejauhan	6	0	0	6
american	6	0	0	6
nyempil	6	0	0	6
ruhut	6	3	0	9
cup	6	1	1	8
terburuk	6	0	0	6
kerlap	6	0	0	6
kayu-kayu	6	0	0	6
emak	6	1	0	7
penista	6	2	0	8
layang	6	0	0	6
budi	6	2	0	8
terbenam	6	0	0	6
dibagi	6	0	0	6
sd	6	1	0	7
fo	6	4	0	10
mozarella	6	1	0	7
penjara	6	0	0	6
lenyapkan	6	1	0	7
website	6	0	0	6
kebencian	6	4	0	10
fi	6	1	0	7
dipakar	6	0	0	6
dori	6	0	0	6
kopo	6	1	0	7
grand	6	2	1	9
fitur	6	0	1	7
berbicara	6	0	2	8
travel	6	3	0	9
ras	6	1	0	7
tasikmalaya	6	0	0	6
cashback	6	1	1	8
bersikap	6	0	0	6
pendatang	6	0	0	6
perbaiki	6	1	0	7
najis	6	0	0	6
fraksi	6	0	0	6
pemeliharaan	6	1	0	7
berlama	6	0	0	6
hening	6	1	0	7
kaos	6	0	0	6
penawaran	6	0	0	6
pulen	6	2	0	8
menuduh	6	0	0	6
mesum	6	0	0	6
mention	6	0	1	7
masturi	6	0	0	6
berkah	6	0	0	6
cappucino	6	0	0	6
ibukota	6	0	0	6
sesaat	6	0	0	6
perilaku	6	0	0	6
penipu	6	1	1	8
dicek	6	1	1	8
jangkau	6	1	0	7
menyembah	6	0	0	6
seiring	6	1	0	7
menyampaikan	6	1	3	10
bayangkan	6	0	0	6
berlemak	6	0	0	6
300	6	0	0	6
pantat	6	0	0	6
dibalas	6	1	2	9
apbd	6	1	0	7
indomi	6	2	0	8
depok	6	2	1	9
bertebaran	6	0	0	6
small	6	0	0	6
mengasyikkan	6	0	0	6
depot	6	0	0	6
nasib	6	1	1	8
soekarno	6	3	0	9
caffe	6	0	0	6
dikelola	6	0	0	6
yenny	6	1	0	7
menghadirkan	6	1	0	7
with	6	1	0	7
salahkan	6	0	0	6
menghasilkan	6	0	1	7
pembakaran	6	1	0	7
berpolitik	6	0	0	6
belain	6	0	0	6
budha	6	0	0	6
toping	6	0	0	6
citylight	6	1	0	7
fungsi	6	2	2	10
bercampur	6	0	0	6
penjahat	6	3	1	10
koar-koar	6	0	0	6
bobrok	6	0	0	6
tripadvisor	6	2	0	8
bertempat	6	0	0	6
pesanlah	6	0	0	6
kabut	6	0	0	6
traditional	6	2	0	8
berdebu	6	0	0	6
google	6	2	1	9
tungku	6	1	0	7
bolong	6	1	0	7
mak	6	3	0	9
tegas	6	0	0	6
kode	6	1	5	12
sendirian	6	1	0	7
fries	6	3	0	9
moi	6	0	0	6
berdasarkan	6	0	0	6
combo	6	0	0	6
ialah	6	4	0	10
212	6	0	0	6
gempol	6	0	0	6
siram	6	2	0	8
pilhan	6	2	0	8
syariah	6	0	1	7
sausage	6	2	0	8
met	6	0	0	6
berkeliaran	6	0	0	6
buktikan	6	0	0	6
new	6	3	1	10
monster	6	0	0	6
blog	6	0	0	6
ngumpul	6	1	0	7
zona	6	0	0	6
gading	6	0	0	6
lai	6	1	0	7
sembarang	6	0	0	6
sesungguhnya	6	0	0	6
hainam	6	1	0	7
putuskan	6	1	0	7
berkata	6	2	0	8
deretan	6	2	0	8
kekalahan	6	0	0	6
blueberry	6	0	0	6
berfaedah	6	0	4	10
120	6	2	0	8
log	6	0	0	6
1,5	6	0	0	6
provinsi	6	2	1	9
serasi	6	2	0	8
serang	6	0	0	6
oey	6	0	0	6
bleu	6	1	0	7
gudang	6	0	1	7
ngumpet	6	1	1	8
nom	6	0	0	6
keturunan	6	0	0	6
mitra	6	0	1	7
destinasi	6	4	0	10
terganggu	6	0	2	8
bupati	6	2	0	8
disimpan	6	1	0	7
berbumbu	6	0	0	6
counter	6	0	0	6
wan	6	1	0	7
smartfren	6	0	0	6
terharu	6	1	0	7
sehari-hari	6	0	0	6
nyanyi	6	1	1	8
kesegaran	6	1	0	7
penumpang	6	0	2	8
citywalk	6	0	0	6
sesekali	6	1	0	7
sesampai	6	1	0	7
sepak	6	0	2	8
tajam	6	0	0	6
float	6	0	1	7
bgtu	6	0	0	6
pembantu	6	1	0	7
hypersquare	6	0	0	6
idr	6	0	0	6
mencatat	6	3	0	9
harga-harga	6	1	0	7
melupakan	6	0	0	6
tuk	6	0	1	7
balon	6	0	0	6
gemerlap	6	0	0	6
tsb	6	1	1	8
redup	6	1	0	7
astaga	6	1	0	7
debit	6	1	1	8
sering-sering	6	2	1	9
seekor	6	0	0	6
partai-partai	6	1	0	7
real	6	0	2	8
merauke	6	0	0	6
tren	6	3	0	9
resor	6	1	0	7
ludes	6	0	0	6
besi	6	0	0	6
diperlukan	6	0	0	6
front	6	0	0	6
polling	6	2	0	8
nyali	6	1	0	7
ayah	6	0	0	6
rempah-rempah	6	0	0	6
representatif	6	2	0	8
unggun	6	1	0	7
merapat	6	0	0	6
cakwe	6	0	0	6
lunch	6	0	0	6
kesabaran	6	1	0	7
trunojoyo	6	3	0	9
logo	6	1	1	8
menyerupai	6	0	0	6
plang	6	0	0	6
ukur	6	1	0	7
berlangganan	6	1	0	7
like	6	0	1	7
senyuman	6	2	0	8
drive	6	2	0	8
5000	6	0	0	6
cairo	6	0	0	6
mozzarella	6	0	0	6
pojok	6	0	0	6
prof	6	0	0	6
sekilas	6	2	0	8
berjuang	6	0	0	6
banteng	6	1	0	7
melaporkan	6	0	0	6
jemput	6	0	0	6
signal	6	0	0	6
visi	6	0	1	7
berkedok	6	0	0	6
majelis	6	0	0	6
ratakan	6	0	0	6
diandalkan	6	0	0	6
isna	6	0	0	6
fokus	6	2	0	8
kalipah	6	1	0	7
tau	6	3	0	9
pabrik	6	0	0	6
titik	6	3	0	9
menyala	6	1	0	7
kesibukan	6	1	0	7
enakan	6	1	0	7
definitely	6	0	0	6
sma	6	0	0	6
dibelakang	6	0	0	6
sengsara	6	0	0	6
pengurus	6	0	0	6
apel	5	2	1	8
sampaikan	5	0	0	5
batas	5	0	0	5
atap	5	1	0	6
menghirup	5	0	0	5
monoton	5	0	0	5
maklumlah	5	0	0	5
mengulang	5	1	0	6
timbangan	5	0	0	5
terbanyak	5	0	0	5
pertigaan	5	0	0	5
cewek	5	0	0	5
basic	5	0	0	5
bubuk	5	1	3	9
langkah	5	0	0	5
menantang	5	0	0	5
crew	5	1	0	6
buaya	5	0	0	5
buih	5	0	0	5
pelancong	5	0	0	5
mempesona	5	0	0	5
tolonglah	5	0	0	5
nasabah	5	1	2	8
purbasari	5	0	0	5
mulyani	5	0	1	6
menunjang	5	0	0	5
dine	5	0	0	5
bapao	5	2	0	7
panggilan	5	0	5	10
pembuatan	5	0	1	6
cash	5	0	1	6
bibir	5	0	0	5
perlakuan	5	1	0	6
keluarkan	5	1	0	6
netizen	5	1	0	6
pandangan	5	2	0	7
mantaplah	5	0	0	5
pandang	5	1	1	7
pancong	5	1	0	6
nama-nama	5	1	0	6
merogoh	5	1	0	6
reformasi	5	0	1	6
reklamasi	5	1	0	6
menyusuri	5	1	0	6
bunyi	5	2	0	7
luarbiasa	5	0	0	5
barn	5	1	0	6
selamanya	5	0	0	5
cemas	5	0	0	5
secangkir	5	0	0	5
menusuk	5	0	0	5
bale	5	0	0	5
wadah	5	1	0	6
kolonel	5	0	0	5
tambahkan	5	0	0	5
koleksi	5	5	1	11
pengusaha	5	0	0	5
biang	5	1	0	6
malahan	5	1	2	8
warni	5	1	0	6
white	5	0	1	6
pemikiran	5	3	0	8
konflik	5	0	0	5
doki	5	0	0	5
menginjak	5	2	0	7
coco	5	0	0	5
melanda	5	1	0	6
2000	5	0	0	5
peringkat	5	0	1	6
outdoor	5	1	0	6
ojolali	5	0	0	5
meja-meja	5	1	0	6
cocol	5	0	0	5
internetan	5	2	0	7
yudhoyono	5	0	0	5
sekali-kali	5	0	0	5
cibadak	5	1	0	6
creamy	5	0	0	5
pekat	5	0	0	5
peach	5	0	0	5
menyejukkan	5	0	0	5
cab	5	1	0	6
menyebarkan	5	0	0	5
caf	5	1	0	6
patty	5	0	0	5
mewakili	5	1	0	6
car	5	1	2	8
ceramah	5	3	0	8
cgv	5	0	1	6
menghormati	5	0	0	5
runner	5	0	0	5
cikawao	5	0	0	5
asa	5	0	0	5
indri	5	1	0	6
mendidik	5	2	0	7
candle	5	1	0	6
mencolok	5	0	0	5
mendadak	5	0	0	5
plain	5	0	0	5
mendekat	5	1	0	6
rumah-rumah	5	0	0	5
cottage	5	0	0	5
ciamik	5	1	0	6
pisau	5	0	0	5
menempuh	5	2	0	7
rekan-rekan	5	1	0	6
charge	5	0	0	5
pinus	5	0	0	5
mengatur	5	1	0	6
catatan	5	1	1	7
pakta	5	0	0	5
menampilkan	5	1	0	6
bertema	5	0	0	5
hdl	5	0	0	5
janji-janji	5	0	0	5
biarpun	5	1	1	7
im3	5	0	0	5
penganan	5	0	0	5
foldedhands	5	4	0	9
public	5	0	1	6
got	5	3	0	8
duduk-duduk	5	1	0	6
energi	5	1	0	6
penghina	5	1	0	6
disampaikan	5	0	0	5
diperbanyak	5	0	0	5
kab	5	0	0	5
pantesan	5	0	1	6
kekenyangan	5	0	0	5
dpc	5	0	0	5
november	5	0	1	6
dpd	5	0	0	5
difoto	5	0	0	5
dihias	5	0	0	5
ego	5	2	0	7
bulanan	5	0	0	5
onion	5	0	0	5
etc	5	3	0	8
brandal	5	1	0	6
oneng	5	0	0	5
brownis	5	0	0	5
brokoli	5	1	0	6
konsistensi	5	0	1	6
fui	5	0	0	5
nyepi	5	3	0	8
cancel	5	1	1	7
50k	5	0	0	5
waspada	5	1	0	6
siapa-siapa	5	0	0	5
taro	5	1	0	6
roast	5	0	0	5
adonan	5	0	0	5
afrika	5	2	0	7
gerombolan	5	0	0	5
experience	5	0	0	5
tips	5	0	0	5
kepuasan	5	1	0	6
tofu	5	0	0	5
disodorkan	5	0	0	5
angkat	5	0	0	5
harta	5	0	3	8
dipastikan	5	0	1	6
sodara	5	1	0	6
komputer	5	2	0	7
sumber	5	1	0	6
integritas	5	0	1	6
tali	5	0	0	5
10.000	5	3	0	8
side	5	0	0	5
taktik	5	0	0	5
takjub	5	0	0	5
soda	5	0	0	5
soka	5	0	0	5
karakter	5	1	0	6
star	5	0	0	5
50.000	5	0	0	5
20.000	5	3	1	9
suap	5	0	0	5
kebohongan	5	1	0	6
survey	5	0	0	5
dilalui	5	0	0	5
royal	5	0	0	5
apapun	5	2	1	8
dinasehati	5	2	0	7
smoked	5	0	0	5
brunch	5	0	0	5
melarang	5	0	1	6
melebihi	5	0	1	6
humas	5	0	0	5
seneng	5	0	3	8
semula	5	0	0	5
membalas	5	0	0	5
25k	5	1	0	6
dendeng	5	1	0	6
2an	5	1	0	6
buncis	5	0	0	5
dahsyat	5	0	0	5
dadakan	5	2	0	7
idiot	5	1	0	6
menangis	5	0	0	5
meikarta	5	0	0	5
bidang	5	0	1	6
konsumsi	5	1	0	6
rames	5	0	0	5
dimanjakan	5	1	0	6
aturan	5	2	1	8
bacang	5	1	1	7
diinginkan	5	1	0	6
usia	5	0	2	7
hijab	5	0	0	5
vivo	5	1	3	9
serupa	5	0	0	5
baraga	5	0	0	5
bertingkat	5	0	0	5
homie	5	0	0	5
kejahatan	5	0	0	5
yaah	5	0	0	5
berkat	5	1	0	6
berniat	5	2	0	7
penyakit	5	1	0	6
penyanyi	5	0	2	7
dikeluarkan	5	0	1	6
kelar	5	1	0	6
licik	5	1	0	6
75	5	0	1	6
krisis	5	0	0	5
krispy	5	0	0	5
tabungan	5	0	1	6
kuatir	5	1	0	6
akustik	5	0	0	5
lebay	5	1	0	6
dc	5	0	0	5
muntah	5	0	0	5
terbantu	5	0	2	7
fu	5	0	0	5
layout	5	1	0	6
terbiasa	5	0	0	5
kontak	5	0	2	7
international	5	0	0	5
48	5	0	0	5
menghidangkan	5	0	0	5
kecoak	5	0	0	5
kemana	5	0	0	5
souvenir	5	0	0	5
kertas	5	0	0	5
kesini	5	0	0	5
ketemu	5	0	0	5
mengembalikan	5	1	2	8
suasanya	5	0	0	5
kedap	5	1	0	6
21	5	0	0	5
22	5	1	1	7
membangkitkan	5	0	0	5
android	5	0	1	6
33	5	0	1	6
lazada	5	2	2	9
lelaki	5	0	0	5
ia	5	0	1	6
kupon	5	2	1	8
kongkow-kongkow	5	1	0	6
pc	5	1	0	6
ph	5	0	1	6
dipertimbangkan	5	0	0	5
mertua	5	1	0	6
kurir	5	0	0	5
merapi	5	4	0	9
terpikir	5	1	0	6
mashed	5	1	0	6
kudus	5	1	0	6
medsos	5	7	0	12
transfer	5	1	17	23
>	5	0	0	5
grinningfacewithbigeyes	5	3	0	8
minang	5	0	0	5
mm	5	0	0	5
lembab	5	0	0	5
mostly	5	0	0	5
lembek	5	0	0	5
ig	5	1	0	6
ii	5	0	0	5
lereng	5	0	0	5
terjamin	5	0	1	6
leunca	5	0	0	5
terkejut	5	0	0	5
saudara-saudara	5	1	0	6
bertahun-tahun	5	0	0	5
berputar-putar	5	0	0	5
terkuras	5	0	0	5
mb	5	1	0	6
lotion	5	0	0	5
150.000	5	0	0	5
mabuk	5	0	0	5
tempat-tempat	5	0	0	5
nyaris	5	0	0	5
pesona	5	0	1	6
mmm	5	0	0	5
gofood	5	0	0	5
gokana	5	1	0	6
mui	5	1	0	6
berburu	5	1	0	6
berbuat	5	0	0	5
nol	5	1	1	7
berlangsung	5	0	0	5
ground	5	0	0	5
transjakarta	5	0	0	5
oli	5	0	0	5
misal	5	0	0	5
pdi	5	1	0	6
micin	5	0	0	5
motif	5	0	0	5
bermunculan	5	1	0	6
pendek	5	1	0	6
lil	5	0	0	5
perancis	5	0	0	5
judes	5	1	0	6
kpu	5	1	0	6
french	5	4	0	9
dibayangkan	5	2	0	7
berkali	5	0	2	7
galery	5	0	0	5
berpengaruh	5	0	0	5
ganggu	5	3	0	8
garuda	5	1	1	7
bumbu-bumbu	5	0	0	5
buah-buahan	5	0	0	5
mca	5	0	0	5
genjer	5	2	0	7
pia	5	0	0	5
pin	5	0	0	5
uji	5	1	0	6
sekoteng	5	0	0	5
lain-lainnya	5	0	0	5
barusan	5	1	1	7
sediakan	5	3	0	8
jadoel	5	1	0	6
keberhasilan	5	0	0	5
seimbang	5	1	0	6
tax	5	0	0	5
seh	5	0	0	5
jerman	5	1	0	6
jumpai	5	0	0	5
jutaan	5	0	3	8
tur	5	2	0	7
nyunda	5	0	0	5
kaltim	5	3	0	8
sebarkan	5	0	0	5
mengandalkan	5	0	0	5
perlengkapan	5	0	0	5
reserved	5	1	0	6
perkembangan	5	0	1	6
penang	5	0	0	5
herbal	5	0	0	5
pom	5	0	0	5
pengembalian	5	0	13	18
pemuda	5	0	0	5
rak	5	0	0	5
beehive	5	2	0	7
kalap	5	1	0	6
romantic	5	1	0	6
melon	5	1	0	6
menginginkan	5	0	0	5
ifumie	5	0	0	5
sam	5	0	0	5
tauhid	5	0	0	5
berkembang	5	0	3	8
maxi	5	1	0	6
tolak	5	2	0	7
subroto	5	1	0	6
flash	5	0	0	5
fisik	5	0	0	5
eksklusif	5	0	0	5
provokator	5	0	0	5
pesaing	5	0	0	5
nota	5	0	0	5
srikaya	5	1	0	6
andai	5	0	0	5
ditunjang	5	0	0	5
here	5	0	0	5
datar	5	0	0	5
gantung	5	1	0	6
karuhun	5	1	0	6
extra	5	0	0	5
secepatnya	5	1	0	6
gelisah	5	0	0	5
karmila	5	0	0	5
praktis	5	1	1	7
prancis	5	0	0	5
sedikitpun	5	0	0	5
pranowo	5	0	0	5
situasi	5	1	0	6
selesaikan	5	0	0	5
icon	5	0	0	5
tubuh	5	1	0	6
subsidi	5	0	0	5
olah	5	1	1	7
pergantian	5	0	1	6
penghianat	5	0	0	5
taburan	5	0	0	5
download	5	0	1	6
franchise	5	0	0	5
diwarnai	5	0	0	5
penjajahan	5	0	0	5
ditunggu	5	0	0	5
sirup	5	1	0	6
ucapan	5	0	0	5
tukar	5	3	0	8
padi	5	2	0	7
perhatikan	5	0	0	5
persija	5	0	2	7
angka	5	0	0	5
ditelpon	5	0	2	7
pernyataan	5	2	0	7
fashion	5	0	0	5
permata	5	1	0	6
perpecahan	5	0	0	5
guru	5	1	0	6
persawahan	5	0	0	5
diserang	5	0	0	5
hadi	5	0	0	5
beasiswa	5	0	0	5
berempat	5	2	0	7
stick	5	0	0	5
pdam	5	0	0	5
ahmad	5	0	0	5
keep	5	1	0	6
semahal	5	0	0	5
keok	5	2	0	7
line	5	0	0	5
tahap	5	0	1	6
temen	5	1	1	7
jajaran	5	1	0	6
asparagus	5	0	0	5
duper	5	2	2	9
sangkar	5	1	0	6
dungu	5	2	0	7
lega	5	0	0	5
leci	5	0	0	5
lava	5	0	0	5
saracen	5	0	0	5
dinda	5	0	0	5
chinesse	5	2	0	7
cawapres	5	3	4	12
begitulah	5	0	0	5
begitupun	5	0	0	5
branding	5	0	0	5
hukuman	5	1	0	6
sebagus	5	0	2	7
kudu	5	2	1	8
tauco	5	0	0	5
customer	5	3	0	8
surya	5	0	0	5
buru-buru	5	0	0	5
sugar	5	0	0	5
digemari	5	1	0	6
endus	5	0	0	5
meme	5	0	0	5
kandang	5	2	0	7
imas	5	0	0	5
terderloin	5	0	0	5
dibentuk	5	0	0	5
inul	5	0	0	5
kabinet	5	2	0	7
terfavorit	5	0	0	5
jati	5	0	0	5
deklarasi	5	0	0	5
jendral	5	1	0	6
gourmet	5	1	0	6
mash	5	0	0	5
sumbi	5	1	0	6
tewas	5	1	0	6
sumbu	5	0	0	5
mall	5	0	0	5
winner	5	0	0	5
gunakan	5	3	0	8
kado	5	0	0	5
19.00	5	0	0	5
suram	5	1	0	6
tagline	5	1	0	6
ukiran	5	0	0	5
perangi	5	0	0	5
menyerukan	5	0	0	5
keripik	5	0	0	5
hamparan	5	0	0	5
ambiance	5	0	0	5
reza	5	1	0	6
rest	5	0	0	5
pelopor	5	1	0	6
gramedia	5	1	0	6
pelosok	5	2	0	7
ternama	5	0	0	5
golongan	5	0	0	5
galak	5	1	0	6
terkena	5	0	0	5
gemar	5	1	1	7
artis	5	1	1	7
even	5	0	0	5
rais	5	1	0	6
pembela	5	0	0	5
tergoda	5	0	0	5
senja	5	0	0	5
keparat	5	1	0	6
mewujudkan	5	0	1	6
peminat	5	0	0	5
seram	5	0	1	6
nasionalis	5	0	0	5
tingkah	5	0	0	5
pejuang	5	2	0	7
diskusi	5	0	0	5
alangkah	5	0	0	5
venue	5	2	0	7
jamblang	5	1	0	6
cubit	5	1	0	6
patokan	5	2	0	7
volcano	5	2	0	7
mainstream	5	2	0	7
veteran	5	0	0	5
telpon	5	0	7	12
melindungi	5	0	0	5
graha	5	2	0	7
tembus	5	1	0	6
membohongi	5	0	0	5
dirilis	5	0	0	5
tenaga	5	0	1	6
ketahui	5	0	0	5
sago	5	0	0	5
addictea	5	0	0	5
aktivasi	5	0	0	5
kerumah	5	0	0	5
menentukan	5	2	1	8
asmat	5	0	0	5
hazelnut	5	0	0	5
segel	5	0	0	5
kenceng	5	1	0	6
angklung	5	0	0	5
artistik	5	4	0	9
efisien	5	2	1	8
pola	5	0	0	5
tutut	5	0	0	5
hari-hari	5	0	0	5
tonjok	5	0	0	5
bagaikan	5	0	0	5
tekanan	5	0	1	6
happening	5	0	0	5
pink	5	0	0	5
port	5	1	0	6
gayo	5	1	0	6
eksepsi	5	1	0	6
turut	5	1	1	7
tanjung	5	0	0	5
penanganan	5	1	0	6
kelurga	5	0	0	5
pengamanan	5	0	0	5
tyson	5	0	0	5
berfungsi	5	0	2	7
arang	5	1	0	6
pencuri	5	1	0	6
pendeta	5	0	0	5
abad	4	0	0	4
sunlight	4	0	0	4
waralaba	4	0	0	4
kelip	4	1	0	5
tulis	4	0	0	4
anggrek	4	0	0	4
kunci	4	0	1	5
republik	4	1	0	5
lolos	4	0	0	4
klakson	4	0	0	4
revolusi	4	0	0	4
leleh	4	0	0	4
tetangga	4	0	0	4
baguslah	4	0	0	4
jantung	4	2	0	6
tertulis	4	0	0	4
welldone	4	0	0	4
kelinci	4	0	0	4
whatsapp	4	0	0	4
melek	4	0	0	4
tenggiri	4	0	0	4
samarinda	4	1	0	5
kerak	4	1	0	5
messi	4	0	0	4
salahsatu	4	0	0	4
maystar	4	0	0	4
alfredo	4	0	0	4
browsing	4	2	0	6
__sad__	4	2	1	7
metro	4	0	0	4
traveler	4	0	0	4
angkasa	4	1	0	5
cucok	4	0	0	4
valentine	4	0	0	4
tanjakan	4	0	0	4
disha	4	0	0	4
inggris	4	1	0	5
laris	4	1	0	5
visit	4	0	0	4
sweeping	4	0	0	4
tjendana	4	1	0	5
telak	4	0	0	4
relative	4	0	0	4
swalayan	4	0	0	4
suroboyo	4	0	0	4
klien	4	0	0	4
teteh	4	0	0	4
terbuang	4	0	0	4
luang	4	0	0	4
selangit	4	1	0	5
waduh	4	0	0	4
kejam	4	0	2	6
basement	4	0	0	4
kedip	4	0	0	4
berfikir	4	0	0	4
bangkai	4	0	0	4
kandung	4	0	0	4
average	4	0	0	4
terlewat	4	0	0	4
bambang	4	0	1	5
shashlik	4	0	0	4
ujian	4	0	0	4
bakaran	4	0	2	6
strategi	4	0	2	6
tweet	4	0	0	4
antapani	4	0	0	4
magic	4	0	1	5
setempat	4	0	0	4
kasur	4	0	0	4
ketat	4	0	0	4
cyber	4	0	0	4
bubat	4	0	0	4
berjarak	4	0	0	4
alfamart	4	0	0	4
beranjak	4	0	0	4
kerap	4	0	0	4
unlimited	4	1	0	5
there	4	2	0	6
bernilai	4	0	0	4
think	4	0	0	4
sekalilah	4	0	0	4
matte	4	0	0	4
kedepan	4	0	0	4
rahmatan	4	0	0	4
upaya	4	1	0	5
denny	4	0	0	4
terputus	4	0	0	4
boros	4	0	0	4
lulus	4	0	0	4
timun	4	1	0	5
marly	4	0	0	4
lawas	4	1	0	5
suguhkan	4	1	0	5
komplek	4	0	0	4
matah	4	0	0	4
jangkung	4	1	1	6
miris	4	0	0	4
spot-spot	4	0	0	4
dangkal	4	0	0	4
power	4	0	0	4
garis	4	0	0	4
prawn	4	0	0	4
delapan	4	0	0	4
eastern	4	1	0	5
depresi	4	0	0	4
februari	4	0	3	7
maribaya	4	0	0	4
chili	4	0	0	4
dongkol	4	0	0	4
mangkrak	4	2	0	6
mandarin	4	1	0	5
putar	4	1	0	5
hommy	4	0	0	4
donburi	4	0	0	4
majikan	4	0	0	4
hisit	4	1	0	5
cabut	4	0	0	4
sontoloyo	4	0	0	4
cakap	4	1	0	5
ditutupi	4	0	0	4
mengejar	4	0	0	4
mengarah	4	0	0	4
concept	4	0	0	4
ciduk	4	1	0	5
chips	4	2	0	6
imlek	4	0	0	4
express	4	0	0	4
ditonton	4	0	0	4
sipit	4	1	0	5
sok-sokan	4	0	0	4
plasa	4	1	0	5
sipil	4	0	0	4
crumble	4	0	0	4
gadis	4	0	0	4
point	4	0	0	4
membunuh	4	0	0	4
entahlah	4	0	0	4
pompa	4	0	0	4
lighting	4	0	0	4
maghrib	4	0	0	4
berawal	4	0	0	4
tamu-tamu	4	1	0	5
hentikan	4	0	0	4
hahah	4	1	0	5
heritage	4	1	0	5
sebar	4	1	0	5
rocky	4	1	0	5
hitungan	4	1	1	6
hongkong	4	3	0	7
sayap	4	0	0	4
kediaman	4	0	0	4
riung	4	0	0	4
tangerang	4	0	0	4
rusia	4	0	0	4
rutan	4	0	0	4
dipetik	4	0	0	4
ceria	4	0	0	4
kacamata	4	0	1	5
gubug	4	0	0	4
dinning	4	0	0	4
hajar	4	2	0	6
100k	4	0	0	4
tercantum	4	0	0	4
gesek	4	0	0	4
ratus	4	0	0	4
dicocol	4	2	0	6
larangan	4	1	0	5
hello	4	0	0	4
kwetiauw	4	0	0	4
kwalitas	4	0	0	4
ditukar	4	0	0	4
gerak	4	0	0	4
gesit	4	1	0	5
display	4	0	1	5
digelar	4	1	0	5
digital	4	1	1	6
selai	4	1	0	5
dihibur	4	0	0	4
kesekian	4	0	0	4
dihukum	4	0	0	4
diikuti	4	1	0	5
diingat	4	0	0	4
mengolah	4	1	0	5
petis	4	1	0	5
pesto	4	0	0	4
goyobod	4	1	0	5
supir	4	1	1	6
sumut	4	2	0	6
diadakan	4	1	1	6
penipuan	4	1	0	5
dibagian	4	1	0	5
mantaps	4	0	0	4
cerah	4	2	0	6
penggila	4	0	0	4
tersenyum	4	2	0	6
berlaku	4	0	0	4
world	4	0	0	4
seputaran	4	2	0	6
pengamat	4	0	0	4
mantaap	4	1	0	5
berusia	4	1	1	6
jonru	4	0	0	4
jonas	4	0	0	4
bintaro	4	0	0	4
nakal	4	0	0	4
surat	4	0	2	6
perak	4	0	0	4
playlist	4	2	0	6
butuhkan	4	0	0	4
calamari	4	0	0	4
produksi	4	0	2	6
prediksi	4	2	0	6
drink	4	0	0	4
pondokan	4	0	0	4
berdiam	4	0	0	4
beredar	4	0	0	4
wijen	4	1	0	5
dampingi	4	0	0	4
pinangan	4	0	0	4
mulia	4	1	0	5
mulus	4	0	0	4
eaton	4	0	0	4
murni	4	0	0	4
emang	4	0	0	4
perorang	4	0	0	4
musuh	4	3	0	7
pasupati	4	0	0	4
kunjung	4	0	1	5
nobar	4	0	0	4
somad	4	1	0	5
dipegang	4	0	0	4
panik	4	2	0	6
panti	4	0	0	4
sound	4	0	0	4
2010	4	0	0	4
papan	4	0	0	4
cengeng	4	0	0	4
freezer	4	1	0	5
so-so	4	0	0	4
parlemen	4	0	0	4
channel	4	0	0	4
signature	4	1	0	5
pearl	4	0	0	4
pecel	4	0	0	4
irish	4	0	0	4
menyuruh	4	0	0	4
cianjur	4	0	0	4
snack	4	0	0	4
panci	4	0	0	4
yahud	4	0	0	4
setrasari	4	0	0	4
pakde	4	2	0	6
panorama	4	0	0	4
novel	4	0	0	4
store	4	1	0	5
dihadiri	4	0	0	4
oriental	4	0	0	4
steam	4	0	0	4
dijumpai	4	1	0	5
omelette	4	0	0	4
gerakan	4	3	1	8
stall	4	0	0	4
etika	4	0	1	5
opini	4	2	0	6
gembira	4	0	0	4
nikmatin	4	2	0	6
otten	4	0	0	4
butiran	4	0	0	4
garansi	4	0	0	4
mempan	4	0	0	4
unggulan	4	0	0	4
kebingungan	4	0	0	4
hubungkan	4	0	0	4
vihara	4	1	0	5
gramed	4	0	0	4
shampo	4	0	0	4
petani	4	1	0	5
fave	4	0	0	4
petisi	4	0	0	4
asal-asalan	4	2	0	6
belagu	4	0	0	4
setidaknya	4	0	0	4
bapak-bapak	4	0	0	4
wowo	4	1	0	5
berpatutan	4	0	0	4
fuck	4	1	0	5
volume	4	0	0	4
berkoalisi	4	0	0	4
bening	4	4	1	9
pesmol	4	0	0	4
istiqomah	4	0	0	4
gulali	4	0	0	4
jangankan	4	0	1	5
kebenaran	4	2	0	6
pepaya	4	2	0	6
velvet	4	0	0	4
hangus	4	0	0	4
solaria	4	1	0	5
siaran	4	0	2	6
cappuccino	4	0	0	4
bantai	4	0	0	4
banten	4	2	0	6
esok	4	0	1	5
hadiri	4	2	0	6
hadapi	4	0	0	4
pernak	4	0	0	4
pernik	4	0	0	4
shopee	4	0	14	18
penegak	4	0	0	4
pieces	4	0	0	4
faedah	4	1	1	6
andri	4	0	0	4
shoping	4	0	0	4
seribu	4	0	0	4
eksekutif	4	0	1	5
diceritakan	4	0	0	4
koi	4	2	2	8
strawberry	4	2	0	6
peserta	4	0	0	4
misi	4	1	0	5
simpati	4	1	0	5
waitinglist	4	0	0	4
victoryhand	4	1	0	5
famous	4	0	0	4
warkop	4	2	0	6
ujung-ujung	4	0	0	4
milo	4	3	4	11
sharing	4	1	0	5
affordable	4	0	0	4
fettucini	4	0	0	4
garmen	4	1	0	5
waiter	4	1	0	5
berdoa	4	1	0	5
gigi	4	0	0	4
penulis	4	0	0	4
piknik	4	1	0	5
gizi	4	2	0	6
berhak	4	0	1	5
barangkali	4	2	0	6
man	4	0	0	4
fuyunghai	4	0	0	4
bosan-bosan	4	0	0	4
betapa	4	3	0	7
anjir	4	1	0	5
gasibu	4	0	0	4
betina	4	0	0	4
gram	4	0	0	4
penyok	4	0	0	4
perpanjangan	4	0	0	4
pekerja	4	0	0	4
ayunan	4	0	0	4
ogah	4	0	1	5
khatulistiwa	4	0	0	4
israel	4	0	0	4
kristenisasi	4	0	0	4
kerjasama	4	0	0	4
diet	4	3	0	7
dini	4	0	0	4
memanfaatkan	4	0	0	4
kebiasaan	4	0	1	5
keracunan	4	0	0	4
keperluan	4	1	1	6
kepatihan	4	0	0	4
kepastian	4	0	0	4
bacem	4	0	0	4
membersihkan	4	0	0	4
babak	4	2	1	7
origami	4	0	0	4
ular	4	4	0	8
atasan	4	0	0	4
ketimbang	4	0	0	4
tugu	4	0	0	4
ongkir	4	1	0	5
jongos	4	2	0	6
perjanjian	4	1	0	5
dipelihara	4	0	1	5
dipaksakan	4	0	0	4
twit	4	1	1	6
komunitas	4	0	0	4
uber	4	0	0	4
tei	4	0	0	4
date	4	2	0	6
diperlakukan	4	1	0	5
bahas	4	2	0	6
suharto	4	0	0	4
tai	4	0	1	5
kemewahan	4	0	1	5
diharapkan	4	0	1	5
kemampuan	4	0	1	5
sponsor	4	1	0	5
kehadiran	4	0	1	5
vero	4	0	0	4
meningkatkan	4	0	3	7
rem	4	0	0	4
menyesuaikan	4	0	0	4
nila	4	0	0	4
aston	4	0	3	7
psi	4	0	0	4
news	4	0	0	4
pemkot	4	0	0	4
pol	4	1	1	6
walo	4	0	0	4
perkampungan	4	0	0	4
kebonjati	4	0	0	4
pejalan	4	0	0	4
duet	4	1	1	6
utuh	4	0	0	4
sia	4	0	0	4
parasit	4	0	0	4
didekorasi	4	0	0	4
ocha	4	0	0	4
memungkinkan	4	0	0	4
siniii	4	0	0	4
kelewatan	4	0	0	4
ingkan	4	0	0	4
kelenteng	4	0	0	4
mencerminkan	4	0	1	5
dosa	4	1	1	6
mengelilingi	4	0	0	4
mengharapkan	4	0	0	4
bakpau	4	1	0	5
rum	4	1	0	5
ibarat	4	0	0	4
simple	4	1	0	5
ditinggal	4	0	0	4
ampas	4	0	0	4
office	4	0	0	4
cuy	4	0	0	4
life	4	0	0	4
dibaca	4	0	0	4
diatur	4	0	0	4
perdagangan	4	1	0	5
kiai	4	0	1	5
kian	4	0	0	4
are	4	0	0	4
available	4	0	0	4
deluxe	4	0	0	4
kilo	4	1	0	5
awal-awal	4	1	0	5
mengendarai	4	0	0	4
sarana	4	1	1	6
lele	4	0	0	4
chi	4	0	0	4
berukuran	4	1	0	5
des	4	0	0	4
rontok	4	0	0	4
sajalah	4	0	0	4
yahudi	4	2	0	6
don	4	1	0	5
rooftop	4	1	0	5
cihideung	4	0	0	4
pertahankan	4	1	1	6
doa	4	1	1	6
beamingfacewithsmilingeyes	4	0	0	4
searah	4	1	0	5
ciater	4	0	0	4
karo	4	2	0	6
kasi	4	1	1	6
capucinno	4	0	0	4
kbps	4	0	0	4
mendominasi	4	0	0	4
cicipi	4	0	0	4
seledri	4	0	0	4
mengucapkan	4	0	1	5
bertindak	4	2	0	6
amien	4	1	0	5
bpk	4	0	0	4
axa	4	0	0	4
bun	4	0	0	4
dakken	4	1	0	5
menyudutkan	4	0	0	4
bartender	4	1	0	5
btc	4	0	0	4
laki	4	1	0	5
bon	4	0	0	4
kiwi	4	0	0	4
santan	4	1	0	5
bis	4	2	0	6
seindah	4	0	0	4
yellow	4	0	0	4
sanger	4	0	0	4
pelaksanaan	4	0	1	5
sangan	4	0	0	4
berlimpah	4	2	0	6
bermental	4	0	0	4
buy	4	0	0	4
satupun	4	0	0	4
klop	4	1	0	5
ayat-ayat	4	0	0	4
mengusulkan	4	0	0	4
pengetahuan	4	0	1	5
pengantaran	4	0	0	4
atv	4	0	0	4
cap	4	0	0	4
sashimi	4	0	0	4
bala-bala	4	0	0	4
bersamaan	4	3	0	7
last	4	0	0	4
menyaksikan	4	0	0	4
penderitaan	4	1	0	5
menyedihkan	4	0	0	4
dalang	4	0	0	4
memperbaiki	4	0	0	4
robusta	4	0	0	4
19.30	4	0	1	5
afdol	4	1	0	5
semasa	4	0	0	4
dimainkan	4	0	0	4
eatbos	4	0	0	4
terpercaya	4	2	3	9
dikurangi	4	0	0	4
terpuaskan	4	0	0	4
indosatcare	4	0	0	4
ramuan	4	0	0	4
chiken	4	3	0	7
jelas-jelas	4	1	2	7
hhe	4	1	0	5
hei	4	0	0	4
tinggalkan	4	1	0	5
transparan	4	0	0	4
raksasa	4	0	0	4
travelling	4	0	0	4
gerai-gerai	4	0	0	4
inn	4	0	0	4
mbah	4	1	0	5
setahun	4	0	0	4
dimusnahkan	4	0	0	4
jun	4	0	0	4
jok	4	1	0	5
disamping	4	0	1	5
disamakan	4	0	0	4
warunk	4	0	0	4
privat	4	0	0	4
dipenjara	4	0	0	4
akang	4	0	0	4
engkau	4	0	1	5
setapak	4	0	0	4
ditampilkan	4	0	0	4
iyl	4	0	0	4
ite	4	0	0	4
elegan	4	3	2	9
sekjen	4	1	0	5
sepenuh	4	1	0	5
tumbangkan	4	1	0	5
restart	4	0	0	4
amburadul	4	2	1	7
chasio	4	0	0	4
revisi	4	2	0	6
rezeki	4	0	0	4
amit-amit	4	1	1	6
eat	4	0	0	4
adu	4	0	0	4
pohon-pohon	4	2	0	6
20.00	4	0	0	4
pilih-pilih	4	0	0	4
membuktikan	4	0	0	4
richard	4	1	1	6
risoles	4	0	0	4
memenangkan	4	0	0	4
memindahkan	4	1	0	5
euy	4	1	0	5
lawangwangi	4	0	0	4
ditipu	4	0	0	4
reserve	4	1	0	5
sejuta	4	0	0	4
verifikasi	4	0	0	4
sembarangan	4	1	0	5
absen	4	0	0	4
abal-abal	4	1	1	6
dibuatkan	4	0	0	4
jack	4	0	0	4
kepanjangan	4	0	0	4
disuka	4	2	0	6
segini	4	0	0	4
segede	4	1	0	5
dirjen	4	1	0	5
dirasa	4	0	0	4
kriuk-kriuk	4	0	0	4
kursi-kursi	4	0	0	4
ton	4	0	0	4
dibubarkan	4	1	0	5
ir	4	2	0	6
gr	4	1	1	6
soft	4	0	1	5
komnas	4	0	0	4
kompak	4	0	0	4
kompas	4	0	0	4
achmad	4	0	0	4
management	4	0	0	4
azab	4	1	0	5
reda	4	0	0	4
jangan-jangan	4	0	0	4
tang	4	1	0	5
soun	4	1	0	5
tertera	4	0	0	4
tafsir	4	0	0	4
mengagumi	4	0	0	4
nangka	4	0	0	4
hangat-hangat	4	3	0	7
menganggu	4	0	0	4
nampan	4	1	0	5
65	4	1	1	6
apbn	4	0	0	4
kontur	4	0	0	4
dikombinasikan	4	0	0	4
konyol	4	1	0	5
mendaftar	4	0	0	4
buru	4	0	0	4
pangkalan	4	0	0	4
melengkapi	4	1	1	6
temoat	4	0	0	4
ps	4	0	0	4
tamasya	4	0	0	4
tembok	4	0	0	4
memanjang	4	0	0	4
lalang	4	1	0	5
rhum	4	0	0	4
maison	4	0	0	4
nelayan	4	2	0	6
nonmerokok	4	0	0	4
aduhai	4	0	0	4
menegur	4	0	0	4
anas	4	3	0	7
pers	4	1	0	5
mungil	4	1	0	5
biksu	4	0	0	4
triple	4	0	0	4
menangani	4	0	1	5
kesejahteraan	4	0	0	4
pengisian	4	1	0	5
natuna	4	0	0	4
seat	4	0	0	4
menukarkan	4	1	0	5
ni	4	0	0	4
pendingin	4	1	0	5
asep	4	0	0	4
cb	4	0	0	4
menghibur	4	0	1	5
berseberangan	4	1	0	5
lezaat	4	1	0	5
menista	4	0	0	4
kw	4	0	0	4
bejad	4	1	0	5
pemakaian	4	0	0	4
mumpung	4	1	0	5
dada	4	0	0	4
lamban	4	0	0	4
menghiasi	4	0	0	4
system	4	0	1	5
beramai-ramai	4	0	0	4
12.000	4	1	0	5
menjulang	4	0	0	4
stok	4	0	0	4
menguasai	4	0	0	4
bodi	4	1	0	5
pelajaran	4	0	0	4
becak	4	0	0	4
kompetitif	4	1	0	5
ca	4	0	0	4
lintas	4	2	0	6
mr	4	0	0	4
menggigit	4	3	0	7
70.000	4	0	0	4
bejat	4	0	0	4
sunter	4	1	0	5
sedikit-sedikit	4	4	0	8
aris	4	0	0	4
sial	4	1	0	5
mutiara	4	0	0	4
menggangu	4	0	0	4
lt	4	2	0	6
berjalan-jalan	4	0	0	4
direkomendasi	4	0	0	4
bb	4	0	0	4
kritik	4	1	0	5
rare	4	0	0	4
bpjs	4	1	1	6
dingin-dingin	4	1	0	5
kebanggaan	4	0	0	4
keberadaan	4	0	2	6
play	4	1	0	5
susana	4	0	0	4
b2	4	1	0	5
poci	4	0	0	4
digadang-gadang	4	0	0	4
kecoklatan	4	0	0	4
ketawa	4	1	0	5
syaikhu	4	2	0	6
boemi	4	1	0	5
pontianak	4	0	0	4
ih	4	1	0	5
uni	4	1	0	5
avon	4	0	0	4
ahli	4	0	0	4
loyalitas	4	0	0	4
memecah	4	0	0	4
lucu-lucu	4	2	2	8
pesantren	4	0	0	4
keliling-keliling	4	0	0	4
amanah	4	0	0	4
mahasiswi	4	0	0	4
ditanggapi	4	0	5	9
mengenakan	4	0	0	4
benda	4	0	0	4
metode	4	0	0	4
nyaleg	4	0	0	4
kardus	4	0	0	4
puti	4	0	0	4
ws	4	2	0	6
lembar	4	0	0	4
sebanyak-banyaknya	4	0	0	4
undang-undang	4	0	0	4
modifikasi	4	0	0	4
warung-warung	4	0	0	4
puyunghai	4	0	0	4
tumbang	4	0	0	4
landscape	4	0	0	4
sunsilk	4	0	0	4
roof	4	0	0	4
azan	4	0	0	4
pure	4	0	0	4
berbeda-beda	4	0	0	4
ip	4	1	0	5
nyapres	4	0	2	6
berli	4	0	0	4
kesuksesan	4	1	0	5
supreme	4	0	0	4
axis	4	0	0	4
ngeselkan	4	0	0	4
direstoran	4	0	0	4
memaki	4	0	0	4
rusa	4	0	2	6
menandingi	4	0	0	4
tunjang	4	0	0	4
pramusaji	4	2	0	6
tipikal	4	1	0	5
nyalon	4	0	0	4
puki	4	0	0	4
elektronik	4	1	1	6
kereen	4	0	0	4
menghitung	4	0	0	4
perkiraan	4	0	0	4
alamin	4	0	0	4
merata	4	0	0	4
melanggar	4	1	0	5
ngantri	4	0	0	4
menutup	4	1	0	5
sale	4	1	0	5
tk	4	1	0	5
memutar	4	0	0	4
upgrade	4	0	0	4
ngotot	4	0	0	4
evilmonkey	4	0	0	4
so	4	0	0	4
melegenda	4	1	0	5
mengkritik	4	0	0	4
thanks	4	2	0	6
berkali-berkali	4	1	3	8
zen	4	0	0	4
bersama-bersama	4	3	0	7
00	4	0	0	4
ditukarkan	4	0	0	4
va	4	0	0	4
pondok-pondok	4	3	0	7
palestina	4	0	0	4
01	4	0	0	4
ha	4	0	0	4
blitz	4	0	0	4
wc	4	0	0	4
menggoyang	4	1	0	5
rico	4	0	0	4
auto	4	0	0	4
tito	4	0	0	4
akting	4	1	0	5
up	4	2	0	6
kepolisian	4	0	1	5
chop	4	1	0	5
tt	4	0	0	4
menghadiri	4	1	0	5
pitan	3	0	0	3
cuankie	3	0	0	3
buzzer	3	0	0	3
selada	3	0	0	3
segar-segar	3	0	0	3
mencetak	3	0	0	3
dinilai	3	1	0	4
casual	3	0	0	3
silaturahmi	3	0	0	3
sbyudhoyono	3	0	0	3
sangkuriang	3	1	0	4
seolah-olah	3	1	0	4
sepoi-sepoi	3	0	0	3
tanduk	3	0	0	3
mendasar	3	1	1	5
kewenangan	3	0	0	3
sadar-sadar	3	0	0	3
7,5	3	0	0	3
dinasti	3	1	0	4
ketulungan	3	0	0	3
setimpallah	3	0	0	3
8,5	3	0	0	3
keterangan	3	0	1	4
kolesterol	3	0	0	3
sejati	3	0	0	3
sorabi	3	0	0	3
celana	3	0	0	3
ideologi	3	0	0	3
ingatkan	3	2	0	5
ari	3	0	0	3
penghargaan	3	1	0	4
mengular	3	0	0	3
saka	3	0	0	3
pengelolaan	3	0	0	3
coblos	3	1	0	4
umumkan	3	1	0	4
saudi	3	0	0	3
gokil	3	0	0	3
mengutip	3	0	0	3
pendaftaran	3	0	1	4
memikirkan	3	1	0	4
citarum	3	0	0	3
performance	3	0	0	3
godok	3	0	0	3
meninjau	3	0	1	4
injak	3	0	0	3
menjajah	3	1	0	4
tumisan	3	0	0	3
pembicaraan	3	0	0	3
menjawab	3	1	1	5
aza	3	0	0	3
cimanuk	3	2	0	5
scoop	3	0	0	3
peran	3	0	0	3
homemade	3	0	0	3
pelanggaran	3	1	0	4
ap2	3	1	0	4
inovatif	3	0	1	4
jemputan	3	0	0	3
wawasan	3	0	0	3
resto-resto	3	0	0	3
reservation	3	0	0	3
cemara	3	0	0	3
connect	3	0	0	3
cengek	3	0	0	3
welcome	3	1	0	4
abc	3	0	1	4
jelekkan	3	0	0	3
abu	3	0	0	3
komunikasi	3	0	0	3
sebaik	3	0	1	4
target	3	0	0	3
pudjiastuti	3	1	0	4
kontribusi	3	1	1	5
melepaskan	3	0	0	3
griya	3	0	0	3
legislatif	3	0	0	3
tayang	3	1	0	4
waiters	3	0	0	3
aib	3	1	0	4
choice	3	0	0	3
mengemis	3	2	1	6
dipikir	3	0	0	3
teliti	3	1	0	4
aki	3	0	0	3
teller	3	0	0	3
pigai	3	0	0	3
cocolan	3	0	0	3
salse	3	0	0	3
melempem	3	0	0	3
skin	3	0	0	3
lembaran	3	0	0	3
riset	3	1	0	4
utan	3	1	0	4
usut	3	0	0	3
rangi	3	1	0	4
tian	3	0	0	3
dibeberapa	3	0	0	3
dibenarkan	3	0	0	3
rilis	3	0	1	4
dibesarkan	3	0	0	3
silver	3	0	0	3
pedas-pedas	3	2	0	5
tiru	3	0	0	3
tisu	3	1	1	5
street	3	0	0	3
diusahakan	3	0	0	3
keringat	3	0	0	3
dihabiskan	3	1	0	4
keriting	3	0	0	3
ramli	3	0	0	3
suasan	3	1	0	4
allahu	3	0	0	3
rival	3	0	0	3
taun	3	0	0	3
dikawal	3	0	0	3
banner	3	0	0	3
dibulan	3	0	0	3
banjur	3	2	0	5
tega	3	0	1	4
sulsel	3	1	0	4
telp	3	0	0	3
lipstick	3	0	0	3
ajukan	3	0	0	3
agenda	3	1	0	4
ahimsa	3	0	0	3
bangka	3	0	1	4
rajin	3	0	0	3
dibunuh	3	1	0	4
coffeeshop	3	0	0	3
lindungi	3	0	0	3
ajakan	3	0	1	4
kerjakan	3	0	1	4
ditransfer	3	0	6	9
adidas	3	0	0	3
diproduksi	3	0	0	3
asalan	3	0	0	3
dimasukkan	3	1	0	4
arogan	3	2	0	5
disaksikan	3	0	0	3
retro	3	1	0	4
town	3	2	0	5
udah	3	0	0	3
apalah	3	1	0	4
diponegoro	3	0	0	3
kotabaru	3	0	0	3
dipanggang	3	0	0	3
trik	3	0	0	3
kompeten	3	0	0	3
dipisahkan	3	1	0	4
komitmen	3	0	1	4
angsio	3	0	0	3
tuan	3	0	1	4
digigit	3	0	0	3
diletakkan	3	2	0	5
disalahkan	3	1	0	4
alumni	3	0	0	3
uleg	3	0	0	3
rhoma	3	0	0	3
lantunan	3	0	0	3
ditemankan	3	0	0	3
dijelaskan	3	0	0	3
badlah	3	0	0	3
lamongan	3	0	0	3
ditanyakan	3	0	0	3
lagipula	3	1	0	4
distribusi	3	0	0	3
kriminal	3	0	0	3
ulat	3	0	0	3
dikerjakan	3	0	0	3
disebutkan	3	0	0	3
kuliahan	3	0	0	3
disebabkan	3	0	0	3
dilahirkan	3	0	1	4
rehat	3	1	0	4
rekam	3	2	0	5
wara	3	0	0	3
adapun	3	2	0	5
memusuhi	3	0	0	3
spbu	3	0	0	3
memasang	3	0	0	3
kemiskinan	3	0	1	4
memarkir	3	0	0	3
zenfone	3	0	3	6
rutin	3	0	0	3
senior	3	0	0	3
170	3	0	0	3
tabiat	3	0	0	3
kehormatan	3	0	0	3
bottle	3	0	0	3
hyatt	3	0	0	3
melonjak	3	0	0	3
bondan	3	0	1	4
sepagi	3	1	0	4
syirik	3	0	0	3
syihab	3	0	0	3
dilawan	3	0	0	3
demokan	3	0	0	3
kandidat	3	1	0	4
kampoeng	3	2	0	5
dilatih	3	1	0	4
kesampaian	3	1	0	4
idola	3	0	0	3
360	3	1	1	5
sagoo	3	0	0	3
kesayangan	3	0	0	3
spektakuler	3	0	0	3
ideal	3	0	0	3
stand-stand	3	0	0	3
stroopwafel	3	0	0	3
bungsu	3	0	0	3
membakar	3	2	0	5
subhanallah	3	0	0	3
dakocan	3	0	0	3
buncit	3	0	0	3
brulee	3	0	0	3
sadis	3	1	0	4
sembuh	3	0	0	3
yoghurt	3	0	0	3
takjil	3	0	0	3
bingit	3	0	0	3
mcdonald	3	0	0	3
bantah	3	0	0	3
shabby	3	0	0	3
jokowidodo	3	1	0	4
seusai	3	0	0	3
bersiaplah	3	1	0	4
wing	3	0	0	3
putra	3	2	0	5
acer	3	0	1	4
makannan	3	1	0	4
diawali	3	0	0	3
honey	3	0	0	3
kadaluarsa	3	0	8	11
honda	3	0	0	3
sundae	3	0	0	3
bertemakan	3	0	0	3
dibalik	3	0	0	3
sumsel	3	0	0	3
bolognaise	3	0	0	3
robin	3	0	0	3
dibasmi	3	0	0	3
415253	3	0	0	3
wuih	3	0	1	4
dengkul	3	0	0	3
zonk	3	0	0	3
bingar	3	0	0	3
keaslian	3	0	0	3
keasrian	3	0	0	3
9880988622	3	0	0	3
antisipasi	3	0	0	3
derajat	3	0	1	4
served	3	0	0	3
susilo	3	0	0	3
puisi	3	0	2	5
kahaseupan	3	0	0	3
susila	3	0	0	3
kebayang	3	1	0	4
kebobrokan	3	0	0	3
berbincang	3	1	0	4
berhadapan	3	0	0	3
berinovasi	3	0	0	3
dikukus	3	0	0	3
berkendara	3	0	0	3
cooked	3	0	0	3
rame-rame	3	1	0	4
insya	3	1	0	4
kelaut	3	0	0	3
argumen	3	0	0	3
pemberitahuan	3	4	0	7
armando	3	2	0	5
arrange	3	0	0	3
kentut	3	0	0	3
smooking	3	2	0	5
asalkan	3	0	0	3
ludah	3	0	0	3
pertimbangkan	3	0	0	3
kemeja	3	0	0	3
piring-piring	3	0	0	3
sayur-sayuran	3	2	0	5
ngemil-ngemil	3	0	0	3
kawung	3	1	0	4
awesome	3	0	0	3
sekali-sekali	3	0	1	4
katel	3	0	0	3
war	3	0	0	3
nutela	3	0	0	3
karang	3	0	0	3
nyemek	3	0	0	3
nyesek	3	0	0	3
ups	3	0	0	3
tinggi-tinggi	3	0	0	3
zat	3	1	0	4
menyumbangkan	3	0	0	3
85	3	0	0	3
struktur	3	0	0	3
suramadu	3	0	0	3
supplier	3	0	0	3
72	3	1	0	4
kelap	3	1	0	4
ambokue	3	0	0	3
51	3	0	0	3
limau	3	0	0	3
keberangkatan	3	0	0	3
kelak	3	0	0	3
46	3	0	0	3
kesederhanaan	3	0	0	3
analisa	3	0	0	3
lomba	3	0	2	5
neraka	3	2	0	5
34	3	0	0	3
ngadem	3	2	0	5
1x	3	0	0	3
mempermalukan	3	0	0	3
kiblat	3	0	0	3
ngawur	3	0	1	4
menginspirasi	3	0	0	3
menguntungkan	3	0	0	3
menyelamatkan	3	0	0	3
05	3	0	0	3
tulang-tulang	3	0	0	3
mahar	3	0	0	3
kasau	3	0	0	3
sky	3	0	0	3
tan	3	0	0	3
diselesaikan	3	1	0	4
ditinggalkan	3	2	0	5
jamaah	3	0	0	3
jadwal	3	0	0	3
keistimewaan	3	0	0	3
kekeluargaan	3	0	0	3
kelihatannya	3	0	0	3
pandai	3	0	0	3
keterlibatan	3	0	0	3
security	3	1	0	4
masam	3	0	0	3
administrasi	3	0	0	3
sebangsa	3	0	0	3
iphone	3	1	7	11
sip	3	2	0	5
membanggakan	3	2	1	6
massa	3	1	0	4
memberitakan	3	0	0	3
pantau	3	0	0	3
bau-bau	3	0	0	3
bawaslu	3	0	0	3
ingkar	3	0	0	3
sen	3	0	0	3
jargon	3	0	0	3
banting	3	0	0	3
direncanakan	3	0	0	3
tbk	3	0	1	4
balance	3	0	0	3
balasan	3	0	7	10
makam	3	1	0	4
bagaimanapun	3	0	0	3
makar	3	1	0	4
balista	3	0	0	3
berfoto-foto	3	0	0	3
maksa	3	0	1	4
serahkan	3	1	0	4
berhati-hati	3	0	0	3
tsm	3	0	0	3
tri	3	0	0	3
juanlo	3	0	0	3
ongkos	3	1	1	5
mamak	3	0	0	3
semrawut	3	0	0	3
tki	3	0	0	3
jilbab	3	0	0	3
jernih	3	0	0	3
dimanfaatkan	3	1	0	4
sembilan	3	0	0	3
sembelih	3	0	0	3
tek	3	0	0	3
77	3	0	0	3
korsel	3	1	0	4
mengaktifkan	3	0	0	3
minuman-minuman	3	0	0	3
midori	3	0	0	3
jajanan-jajanan	3	0	0	3
tersesat	3	0	0	3
yakinlah	3	0	0	3
tersedot	3	0	0	3
miliki	3	0	0	3
ketidaknyamanan	3	0	0	3
manusia-manusia	3	0	0	3
madura	3	0	0	3
terpukau	3	0	0	3
ok	3	0	0	3
ngobrol-ngobrol	3	1	0	4
re	3	0	0	3
luntur	3	0	0	3
pelayan-pelayan	3	0	0	3
terpecah	3	0	0	3
terobati	3	1	0	4
lovers	3	0	0	3
lombok	3	0	5	8
astaghfirullah	3	0	0	3
lodaya	3	1	0	4
moment	3	1	0	4
ld	3	0	0	3
ketik	3	1	0	4
label	3	0	1	4
terulang	3	1	0	4
95	3	0	0	3
kelompok-kelompok	3	0	0	3
undangan	3	0	0	3
universe	3	0	0	3
r	3	0	1	4
turunkan	3	0	0	3
grinningfacewithsweat	3	0	0	3
koran	3	1	0	4
berbincang-bincang	3	0	0	3
kuali	3	0	0	3
kuasa	3	0	0	3
melayu	3	0	0	3
menata	3	0	0	3
tontonan	3	1	0	4
sk	3	0	0	3
medate	3	0	0	3
matcha	3	0	0	3
we	3	2	0	5
kolom	3	0	0	3
mentok	3	1	0	4
masker	3	0	0	3
us	3	0	0	3
markas	3	0	0	3
merger	3	0	0	3
manteb	3	0	0	3
sp	3	0	0	3
bertanya-tanya	3	0	0	3
berulang-ulang	3	0	1	4
terkasih	3	0	0	3
televisi	3	1	0	4
ex	3	0	0	3
alasan-alasan	3	0	0	3
aniesbaswedan	3	0	0	3
terancam	3	0	0	3
dj	3	0	0	3
murtad	3	0	0	3
tentukan	3	0	0	3
berekspektasi	3	0	0	3
ck	3	0	0	3
airport	3	0	0	3
berpendidikan	3	0	0	3
aktivis	3	1	0	4
kq	3	0	0	3
ladang	3	1	0	4
mutlak	3	0	0	3
complimentary	3	0	0	3
ala-ala	3	0	0	3
datang-datang	3	0	0	3
ba	3	0	0	3
dikategorikan	3	0	0	3
alcohol	3	0	0	3
taliwang	3	0	0	3
dimenyediakan	3	0	0	3
krecek	3	0	0	3
larang	3	0	0	3
terbalik	3	0	0	3
fc	3	1	0	4
ff	3	0	1	4
kg	3	2	0	5
kb	3	0	0	3
ka	3	1	0	4
lenyap	3	0	0	3
terindah	3	0	0	3
keruh	3	0	0	3
lengah	3	0	0	3
ix	3	0	0	3
moyang	3	1	0	4
large	3	0	0	3
laron	3	0	0	3
im	3	0	0	3
terendah	3	0	0	3
kerok	3	1	0	4
ht	3	0	0	3
terdakwa	3	0	0	3
hp	3	0	2	5
abu-abu	3	1	0	4
mujaer	3	0	0	3
gm	3	0	0	3
sparklingheart	3	0	0	3
laskar	3	0	0	3
fh	3	0	0	3
parker	3	0	0	3
sambutan	3	1	0	4
padjadjaran	3	0	0	3
buanyak	3	0	0	3
kemunafikan	3	1	0	4
remaja	3	3	1	7
distro	3	0	1	4
jebol	3	0	1	4
kesepakatan	3	0	0	3
obama	3	0	0	3
otoriter	3	0	0	3
fcl	3	0	0	3
orisinil	3	0	0	3
respek	3	0	0	3
kreatifitas	3	0	0	3
nyatakan	3	0	1	4
panacota	3	0	0	3
laknatullah	3	0	0	3
exo	3	0	0	3
japan	3	0	0	3
onder	3	0	0	3
eng	3	0	0	3
end	3	1	0	4
eks	3	1	0	4
jamin	3	0	0	3
rileks	3	0	0	3
membatalkan	3	0	0	3
membereskan	3	0	0	3
kemerdekaan	3	3	2	8
gay	3	1	0	4
ifu	3	0	0	3
jihad	3	0	0	3
hotel-hotel	3	0	0	3
raisin	3	0	0	3
pembalut	3	2	0	5
joglo	3	2	0	5
improvement	3	1	0	4
drinks	3	0	0	3
jilid	3	0	0	3
bingkai	3	0	0	3
has	3	0	0	3
hap	3	0	0	3
bireuen	3	0	0	3
rating	3	0	1	4
jelly	3	1	0	4
djogya	3	0	0	3
partisan	3	0	0	3
djogja	3	0	0	3
traktir	3	0	0	3
gro	3	1	0	4
record	3	0	1	4
bobotoh	3	0	0	3
ditiru	3	1	0	4
norak	3	2	1	6
panganan	3	0	0	3
jerat	3	0	0	3
pagar	3	0	0	3
dihina	3	0	0	3
digaji	3	1	0	4
merendahkan	3	0	0	3
menjalankan	3	0	1	4
can	3	0	0	3
dapoer	3	0	0	3
dapati	3	0	0	3
menyalahkan	3	0	0	3
menyebabkan	3	1	1	5
dampak	3	2	0	5
dakwah	3	0	0	3
menyulitkan	3	0	0	3
merakyat	3	1	1	5
chelsea	3	1	0	4
curhat	3	0	0	3
doi	3	2	0	5
irama	3	0	0	3
normalisasi	3	0	0	3
cicendo	3	0	0	3
ber	3	0	0	3
menyerah	3	0	0	3
cicilan	3	1	1	5
menyedot	3	1	0	4
corner	3	0	0	3
menyasar	3	1	0	4
menyanyi	3	0	0	3
intel	3	0	0	3
sadewa	3	0	0	3
ceo	3	0	0	3
itali	3	0	0	3
pasca	3	0	0	3
menayangkan	3	0	1	4
mencalonkan	3	0	0	3
muttaqin	3	0	0	3
camping	3	0	0	3
menciptakan	3	0	0	3
paksa	3	1	0	4
dji	3	0	0	3
captain	3	0	0	3
capture	3	1	1	5
diblok	3	0	0	3
menerangkan	3	0	0	3
pamer	3	0	0	3
pamor	3	0	0	3
mengarahkan	3	1	0	4
cashier	3	0	0	3
dialog	3	0	0	3
panen	3	0	0	3
motivasi	3	0	0	3
mengejutkan	3	0	0	3
mengenalkan	3	0	1	4
papar	3	0	0	3
menginfokan	3	0	0	3
cendana	3	0	0	3
pemenang	3	0	1	4
eatery	3	0	0	3
megah	3	0	0	3
goyang	3	0	0	3
percis	3	0	0	3
ozt	3	0	0	3
haisom	3	1	0	4
ovo	3	0	0	3
old	3	0	0	3
oil	3	1	0	4
off	3	0	0	3
persib	3	1	2	6
nur	3	0	0	3
petang	3	1	0	4
primitif	3	0	0	3
allahuakbar	3	0	0	3
ramayana	3	0	2	5
mus	3	0	0	3
bercita	3	1	0	4
gordon	3	1	0	4
bagus-bagus	3	0	5	8
bahan-bahan	3	1	0	4
modus	3	0	0	3
bakar-bakar	3	0	0	3
potatoes	3	0	0	3
goceng	3	1	0	4
mod	3	0	0	3
populasi	3	0	0	3
minat	3	0	0	3
rapatkan	3	1	0	4
berumur	3	1	0	4
hormat	3	1	0	4
idaman	3	0	0	3
pasien	3	0	1	4
rom	3	0	0	3
pasrah	3	0	0	3
pastur	3	0	0	3
rohingya	3	0	0	3
rib	3	1	0	4
hubung	3	0	0	3
roasting	3	0	0	3
menko	3	1	1	5
mepet	3	0	0	3
merdu	3	0	0	3
pbb	3	0	0	3
metropolitan	3	0	0	3
resmikan	3	0	1	4
peking	3	0	0	3
hingar	3	0	0	3
mesen	3	0	0	3
relaxing	3	0	0	3
pln	3	1	0	4
permasalahan	3	1	3	7
redsdipo	3	0	0	3
mi-mi	3	1	0	4
beralas	3	0	0	3
glosis	3	2	0	5
global	3	0	1	4
gigolo	3	0	0	3
prefer	3	0	0	3
jubir	3	0	0	3
penyebar	3	1	0	4
penyebab	3	0	0	3
kek	3	1	0	4
kec	3	0	0	3
nando	3	0	0	3
penunjuk	3	0	0	3
dilanjutkan	3	0	0	3
fabrik	3	0	0	3
dilontarkan	3	0	0	3
ndeso	3	0	0	3
dipidanakan	3	0	0	3
jurus	3	2	0	5
eskrim	3	0	0	3
penghuni	3	1	0	4
disempatkan	3	1	0	4
ending	3	0	0	3
pengemis	3	2	0	5
fahrihamzah	3	0	0	3
inv	3	0	0	3
gatal-gatal	3	0	0	3
bertiga	3	0	1	4
penerima	3	0	1	4
ind	3	0	0	3
polusi	3	0	0	3
dihilangkan	3	0	1	4
forest	3	0	0	3
digandrungi	3	0	0	3
berkeluarga	3	0	0	3
berkeringat	3	0	0	3
george	3	0	0	3
mudik	3	1	1	5
md3	3	0	0	3
gembel	3	0	0	3
julie	3	0	0	3
buang-buang	3	1	0	4
bunga-bunga	3	0	0	3
pertanda	3	0	0	3
personil	3	0	0	3
garlic	3	0	0	3
murka	3	0	0	3
gandum	3	0	0	3
galaxy	3	0	6	9
comfortable	3	0	0	3
les	3	0	0	3
lem	3	0	0	3
perlahan	3	0	0	3
gadget	3	0	0	3
pletok	3	1	0	4
berlalu	3	1	0	4
berlima	3	0	0	3
tubagus	3	0	0	3
tama	3	0	0	3
menetapkan	3	0	0	3
berjanji	3	0	0	3
imut	3	0	0	3
berjajar	3	0	0	3
putusan	3	0	0	3
tobat	3	3	0	6
ahaha	3	0	0	3
pudding	3	0	0	3
berganti	3	0	0	3
dimasukan	3	0	0	3
problem	3	0	0	3
privasi	3	2	1	6
dinginkan	3	0	0	3
berdebat	3	0	0	3
kapolri	3	0	0	3
diomongin	3	1	0	4
iced	3	0	0	3
karaoke	3	1	2	6
berbobot	3	0	0	3
berbasis	3	0	0	3
hope	3	0	0	3
ambon	3	2	0	5
disiarkan	3	0	0	3
hina	3	0	0	3
ditantang	3	0	0	3
titip	3	1	1	5
indo	3	0	0	3
alakadar	3	0	0	3
railink	3	1	0	4
berminat	3	0	0	3
bermimpi	3	0	0	3
jeli	3	2	0	5
tikar	3	0	0	3
bermacet	3	1	0	4
dengarkan	3	0	0	3
deskripsi	3	0	0	3
diajarkan	3	0	0	3
demul	3	0	0	3
dibandung	3	1	0	4
jamu	3	0	0	3
dibohongi	3	0	0	3
demis	3	0	0	3
izin	3	0	1	4
berkenan	3	0	1	4
berkelok	3	0	0	3
dicobakan	3	0	0	3
irit	3	3	0	6
tisna	3	0	0	3
kalimat	3	0	0	3
digantung	3	0	0	3
rajiman	3	0	0	3
rainbow	3	1	0	4
beragama	3	3	0	6
heri	3	0	0	3
ditraktir	3	0	0	3
bengawan	3	0	0	3
hilangkan	3	0	0	3
hoka-hoka	3	0	0	3
pending	3	0	0	3
anyir	3	0	0	3
hypermart	3	0	0	3
indomaret	3	1	2	6
areng	3	0	0	3
kembung	3	0	0	3
pemirsa	3	0	0	3
kencing	3	1	0	4
pemecah	3	0	0	3
pemberi	3	0	0	3
exol	3	0	0	3
artha	3	2	0	5
junjungan	3	0	0	3
karenanya	3	0	0	3
emas	3	0	0	3
curug	3	0	0	3
ambokueh	3	2	0	5
pelanan	3	0	0	3
elit	3	0	1	4
almaidah	3	0	0	3
usang	3	0	0	3
hidangkan	3	1	0	4
uenak	3	1	0	4
from	3	0	0	3
bayarkan	3	0	0	3
diuangkan	3	0	0	3
benarkan	3	0	0	3
keempat	3	0	0	3
head	3	0	0	3
hayo	3	0	0	3
hape	3	0	1	4
begadang	3	0	0	3
bebatuan	3	0	0	3
bebaskan	3	0	0	3
hall	3	1	0	4
tujuh	3	0	2	5
autentik	3	0	0	3
film-film	3	0	0	3
perihal	3	0	0	3
perdana	3	1	0	4
bantalan	3	0	0	3
gold	3	0	0	3
bandoeng	3	0	0	3
geng	3	0	0	3
gala	3	0	0	3
gaek	3	0	0	3
tvone	3	0	0	3
respons	3	1	1	5
jokower	3	0	0	3
restora	3	0	0	3
hormati	3	0	0	3
aneh-aneh	3	2	0	5
lion	3	0	1	4
link	3	1	0	4
tagar	3	0	0	3
anjinglah	3	0	0	3
liga	3	0	0	3
asem-asem	3	0	0	3
liat	3	1	3	7
taksi	3	1	0	4
liar	3	0	0	3
dusta	3	0	0	3
yakult	3	0	0	3
ayam-ayam	3	0	0	3
healthy	3	0	0	3
yakuza	3	1	0	4
cigadung	3	0	0	3
hidayat	3	0	0	3
lari	3	1	2	6
yamaha	3	0	0	3
lamb	3	1	0	4
sejujur	3	2	1	6
holiday	3	1	0	4
bawa-bawa	3	2	1	6
tabah	3	0	0	3
complete	3	0	0	3
egois	3	0	0	3
senilai	3	0	0	3
seragam	3	0	0	3
tertangkap	3	2	0	5
sepuluh	3	0	1	4
mang	3	1	0	4
sepihak	3	0	1	4
maki	3	0	1	4
ember	3	1	0	4
maha	3	1	0	4
senjata	3	0	0	3
seniman	3	2	0	5
ahmadiyah	3	0	0	3
sweet	3	0	0	3
wkwkwk	3	1	0	4
airlangga	3	0	0	3
wonder	3	0	0	3
loom	3	0	0	3
almamater	3	0	0	3
sembako	3	0	0	3
elite	3	1	0	4
creative	3	0	0	3
costumer	3	0	0	3
eiger	3	0	0	3
sejalan	3	0	0	3
beda-beda	3	0	1	4
their	3	0	0	3
sejajar	3	0	0	3
billiard	3	0	0	3
birokrasi	3	0	1	4
beverage	3	0	0	3
bniquotes	3	1	0	4
bogerijen	3	0	0	3
besarkan	3	0	0	3
kebo	3	0	0	3
cafe-cafe	3	0	0	3
bertahun	3	0	0	3
kare	3	0	0	3
diadu	3	0	1	4
bersusah	3	0	0	3
rotiboy	3	0	0	3
bersinar	3	0	0	3
18.00	3	0	0	3
dewan	3	0	0	3
bersedia	3	0	0	3
roasted	3	0	0	3
bersalah	3	2	0	5
juhi	3	0	0	3
jerohan	3	0	0	3
retweet	3	1	0	4
tgupp	3	0	0	3
berwenang	3	1	0	4
bertujuan	3	0	0	3
italian	3	0	0	3
berhutang	3	0	0	3
hubungi	3	1	3	7
yogurt	3	1	0	4
cangkang	3	0	0	3
calamary	3	0	0	3
cadangan	3	0	0	3
kuda	3	0	0	3
bergoyang	3	0	0	3
berhadiah	3	1	0	4
bujangan	3	0	0	3
building	3	1	0	4
kpud	3	1	0	4
iringan	3	0	0	3
tbone	3	0	0	3
tcash	3	0	0	3
bernyanyi	3	0	0	3
berpindah	3	0	0	3
boutique	3	0	0	3
boromeus	3	0	0	3
ingatan	3	0	0	3
inovasi	3	3	2	8
invoice	3	0	0	3
koar	3	0	0	3
keberatan	3	0	1	4
aspal	3	0	0	3
diangkat	3	0	1	4
bisu	3	0	0	3
mal-mal	3	0	0	3
moderat	3	0	0	3
menyengat	3	1	0	4
bill	3	0	0	3
belas	3	0	0	3
beuh	3	0	0	3
militer	3	0	0	3
militan	3	0	0	3
manakah	3	0	0	3
merubah	3	0	0	3
bata	3	0	0	3
2008	3	0	0	3
bener	3	1	0	4
mangkuk	3	0	0	3
setingkat	3	0	0	3
2013	3	1	0	4
berry	3	1	0	4
overprice	3	0	0	3
packaging	3	1	0	4
ater	3	0	0	3
pamungkas	3	0	0	3
menular	3	0	0	3
menukar	3	0	0	3
1998	3	1	0	4
menyadari	3	1	0	4
echa	3	1	0	4
blbi	3	0	0	3
bulu	3	0	0	3
menduduki	3	0	0	3
menelepon	3	0	1	4
mengancam	3	0	0	3
mengantuk	3	0	0	3
syukurlah	3	0	1	4
namakan	3	0	0	3
1001	3	0	0	3
catat	3	1	0	4
myanmar	3	0	0	3
1500	3	1	0	4
beban	3	0	0	3
canai	3	0	0	3
suka-suka	3	0	0	3
caleg	3	0	0	3
menghemat	3	0	0	3
cakra	3	0	0	3
streaming	3	1	0	4
bole	3	0	0	3
mumpuni	3	0	0	3
steamboat	3	0	0	3
majalah	3	2	0	5
mpulkan	3	0	0	3
marahin	3	1	0	4
asma	3	0	0	3
pelacuran	3	0	0	3
aset	3	0	0	3
memukau	3	2	0	5
permukaan	3	0	0	3
akui	3	2	0	5
melipir	3	0	0	3
ruko-ruko	3	0	0	3
persebaya	3	0	0	3
memikat	3	0	0	3
persoalan	3	0	0	3
akar	3	0	0	3
rica-rica	3	0	0	3
pertanian	3	0	0	3
ahir	3	0	0	3
agen	3	0	2	5
memanas	3	0	0	3
postingan	3	0	0	3
president	3	0	0	3
primadona	3	0	0	3
primarasa	3	0	0	3
professor	3	0	0	3
adhi	3	0	0	3
adam	3	0	0	3
adab	3	0	2	5
acuh	3	0	0	3
memukul	3	0	0	3
menahan	3	0	0	3
bread	3	0	0	3
sejahtera	3	0	0	3
arus	3	1	0	4
3000	3	0	0	3
masbash	3	0	0	3
bibit	3	0	0	3
penarikan	3	0	0	3
bigul	3	2	0	5
mengadu	3	0	0	3
bijak	3	1	0	4
menerus	3	3	0	6
pengelola	3	0	0	3
menekan	3	0	0	3
break	3	0	0	3
menebus	3	0	0	3
menebar	3	0	0	3
melamar	3	0	0	3
penutupan	3	0	0	3
perabotan	3	1	0	4
searching	3	0	0	3
melarat	3	0	0	3
schnitzel	3	0	0	3
peradaban	3	0	0	3
menanti	3	1	0	4
mendoakan	3	0	0	3
mendingan	3	2	0	5
mendapati	3	0	1	4
kos-kosan	3	0	0	3
kentongan	3	0	0	3
kepedesan	3	1	0	4
kepikiran	3	0	0	3
bacok	3	0	0	3
kerajinan	3	0	0	3
padanan	3	1	0	4
ubur-ubur	3	0	0	3
waled	3	0	0	3
dewi	3	1	0	4
dewa	3	1	1	5
triliunan	3	0	1	4
ketakutan	3	0	0	3
ketebalan	3	0	0	3
bagai	3	0	0	3
operasi	3	0	0	3
kopilah	3	0	0	3
debu	3	0	0	3
kewalahan	3	0	0	3
kotoran	3	0	0	3
kompetisi	3	0	2	5
toko-toko	3	0	0	3
colek	3	0	0	3
komposisi	3	0	0	3
kembalian	3	1	0	4
komikus	3	0	0	3
panduan	3	0	0	3
cowok	3	1	2	6
kedondong	3	1	0	4
duti	3	0	0	3
duta	3	0	1	4
affogato	3	0	0	3
acoustic	3	0	0	3
kegemaran	3	0	1	4
duka	3	1	0	4
kehijauan	3	0	0	3
parutan	3	0	0	3
partner	3	0	0	3
kiranya	3	0	0	3
kelilingi	3	0	0	3
kejelasan	3	0	1	4
paprika	3	0	0	3
audit	3	0	0	3
ville	3	0	0	3
kelahiran	3	0	0	3
virus	3	1	0	4
kelaperan	3	0	0	3
kelelahan	3	0	0	3
kelemahan	3	0	0	3
door	3	0	0	3
bakat	3	0	0	3
kota-kota	3	0	0	3
mencintai	3	0	0	3
kuburan	3	0	0	3
chiba	3	2	0	5
chip	3	0	0	3
ngancem	3	1	1	5
terdahulu	3	1	1	5
chen	3	0	0	3
memadukan	3	0	0	3
terblokir	3	0	0	3
basis	3	0	0	3
terbayang	3	0	0	3
care	3	0	0	3
batak	3	0	0	3
batam	3	0	0	3
membentuk	3	0	1	4
call	3	0	7	10
memerangi	3	1	0	4
zahra	3	0	0	3
memfitnah	3	0	0	3
cair	3	1	1	5
menangkap	3	0	0	3
batin	3	0	0	3
lengser	3	0	0	3
teknologi	3	0	2	5
batok	3	0	0	3
medallion	3	0	0	3
ciut	3	0	0	3
lapisan	3	1	0	4
cuka	3	2	0	5
kudapan	3	0	0	3
bakau	3	1	0	4
kuantitas	3	1	1	5
nyolong	3	0	0	3
lanjutkan	3	0	0	3
tersangka	3	1	0	4
ling-ling	3	0	0	3
class	3	0	0	3
terpenuhi	3	0	1	4
wujud	3	0	0	3
cuek	3	0	0	3
club	3	0	0	3
lokomotif	3	0	0	3
lampion	3	0	0	3
numpang	3	0	0	3
main-main	3	1	1	5
balet	3	0	0	3
cons	3	0	0	3
terlanjur	3	0	2	5
cold	3	0	1	4
mampirlah	3	1	0	4
mantaappp	3	0	0	3
widodo	3	1	2	6
eskalator	3	0	0	3
gabungan	3	2	0	5
disangka	3	0	0	3
steik	3	1	0	4
mulu	3	1	0	4
storage	3	0	0	3
finance	3	0	1	4
senantiasa	3	0	0	3
geram	3	1	0	4
siregar	3	0	0	3
terkuat	3	0	1	4
rame	3	0	0	3
senen	3	2	0	5
nadi	3	0	0	3
stuffed	3	0	0	3
propaganda	3	0	0	3
pemerataan	3	0	0	3
ditulis	3	0	1	4
firdaus	3	1	0	4
meresahkan	3	1	0	4
rabu	3	1	0	4
stage	3	0	0	3
merindukan	3	0	0	3
shock	3	0	0	3
tjiang	3	0	0	3
tampung	3	0	0	3
ungkap	3	1	0	4
sekretaris	3	0	1	4
gerinda	3	0	0	3
digabung	3	1	0	4
disodori	3	0	0	3
speciality	3	0	0	3
takaran	3	1	0	4
opor	3	1	0	4
molo	3	0	0	3
menjajakan	3	0	0	3
undang	3	0	0	3
ditebak	3	0	0	3
timbul	3	1	0	4
disetiap	3	0	0	3
penerimaan	3	0	1	4
pengecekan	3	0	1	4
reds	3	0	0	3
most	3	0	0	3
ojek	3	1	0	4
disembah	3	1	0	4
semen	3	0	0	3
dihadapi	3	0	0	3
moto	3	0	0	3
mual	3	0	0	3
wahabi	3	0	0	3
final	3	0	0	3
unique	3	0	0	3
tumben	3	0	0	3
sosok	3	0	0	3
split	3	0	0	3
garnier	3	0	0	3
tentara	3	0	0	3
psis	3	0	0	3
tomato	3	0	0	3
plat	3	0	0	3
tempati	3	0	1	4
tematik	3	1	0	4
fastfood	3	0	0	3
parmigiana	3	0	0	3
vanila	3	0	0	3
fatal	3	0	0	3
songong	3	0	1	4
spotify	3	1	0	4
spinach	3	0	0	3
pelantikan	3	1	0	4
drastis	3	0	0	3
february	3	0	0	3
dua-dua	3	2	1	6
pool	3	0	0	3
gausa	3	0	0	3
gayus	3	0	0	3
soerabi	3	0	0	3
serut	3	0	0	3
gemercik	3	1	0	4
tek-tek	3	0	0	3
dikunyah	3	0	0	3
skeptis	3	0	0	3
dilantai	3	0	0	3
diujung	3	0	0	3
direvisi	3	0	0	3
trauma	3	0	2	5
vierra	3	0	0	3
fikir	3	0	0	3
toplah	3	0	0	3
teguran	3	0	0	3
etnis	3	1	1	5
purwakarta	3	0	0	3
direspon	3	1	1	5
sprti	3	1	0	4
efektif	3	0	1	4
pkpi	3	0	0	3
topeng	3	0	0	3
genre	3	0	2	5
dilokasi	3	1	0	4
terbagi	3	0	0	3
dilumuri	3	0	0	3
puan	3	0	0	3
gindara	3	0	0	3
tindak	3	0	1	4
telaten	3	0	0	3
glass	3	0	1	4
ditinjau	3	1	0	4
gajih	3	0	0	3
excelso	3	0	0	3
goyobot	3	0	0	3
ditawari	3	2	0	5
perdebatan	3	0	0	3
siswa	3	0	0	3
tumpul	3	0	0	3
pengganjal	3	0	0	3
tahanan	3	0	0	3
explore	3	0	0	3
penggunaan	3	0	0	3
peringatan	3	0	0	3
tumpah	3	0	0	3
mengakhiri	3	0	1	4
penghubung	3	0	0	3
dominasi	3	0	0	3
hehehehe	3	0	0	3
doraemon	3	0	0	3
mengampung	3	0	0	3
wedges	3	0	1	4
fruit	3	2	0	5
sinis	3	1	0	4
dorongan	3	0	0	3
oyen	3	0	0	3
mayo	3	0	0	3
mbok	3	0	0	3
dicicipi	3	0	0	3
sirik	3	0	0	3
park	3	0	0	3
merk	3	0	0	3
percayalah	3	0	0	3
rock	3	4	1	8
meniadakan	3	0	0	3
sinii	3	1	0	4
meng	3	1	1	5
oppo	3	0	3	6
disedot	3	0	0	3
maya	3	1	0	4
toleran	3	1	0	4
sumatra	3	0	0	3
menggebrak	3	0	0	3
orzo	3	0	0	3
ditindak	3	0	0	3
terusan	3	0	0	3
didengar	3	0	1	4
hartarto	3	0	0	3
foods	3	0	0	3
sinar	3	0	2	5
erdogan	3	2	0	5
tiduran	3	0	0	3
miso	3	0	0	3
nyicip	2	0	0	2
tabasco	2	0	0	2
35.000	2	0	0	2
lambang	2	0	0	2
atasi	2	0	0	2
nusron	2	0	0	2
kartun	2	0	0	2
cilik	2	1	0	3
55.000	2	0	0	2
lambung	2	0	0	2
nyagub	2	0	0	2
kalsel	2	0	0	2
claim	2	0	0	2
nyummy	2	0	0	2
nutella	2	0	0	2
lagilah	2	0	0	2
eatalia	2	0	0	2
belasan	2	0	0	2
hapus	2	0	0	2
baliu	2	0	0	2
paslah	2	2	0	4
karage	2	0	0	2
eatboss	2	0	0	2
pantang	2	0	0	2
nurdin	2	0	0	2
atlet	2	0	0	2
40.000	2	0	0	2
nugget	2	0	0	2
parapat	2	0	0	2
excited	2	0	0	2
hostel	2	0	0	2
kesemua	2	0	0	2
niqmat	2	0	0	2
tongue	2	0	0	2
kebal	2	0	0	2
artikel	2	0	0	2
kentel	2	0	0	2
arsitek	2	0	0	2
arsenal	2	0	0	2
child	2	0	0	2
cuman	2	0	0	2
honest	2	0	0	2
latihan	2	0	3	5
teladan	2	0	0	2
aminef	2	0	0	2
patriot	2	0	0	2
laurier	2	0	0	2
homann	2	0	0	2
arahkan	2	1	0	3
bencana	2	1	2	5
niatan	2	1	0	3
ngefans	2	0	0	2
kemhub	2	1	0	3
ngehits	2	0	0	2
pasaran	2	0	0	2
cikur	2	0	0	2
kaskus	2	0	0	2
32.000	2	0	0	2
backing	2	0	0	2
number	2	0	0	2
niatkan	2	0	0	2
choco	2	0	0	2
kalem	2	0	0	2
kecele	2	0	0	2
kawal	2	0	0	2
kemang	2	0	0	2
28.000	2	0	0	2
notice	2	0	0	2
gyoza	2	0	0	2
keling	2	0	0	2
keliru	2	0	0	2
kawat	2	0	0	2
cucut	2	0	0	2
astagah	2	0	0	2
bangi	2	0	0	2
toraja	2	0	0	2
ismail	2	0	0	2
balcony	2	0	0	2
karen	2	0	0	2
jantan	2	0	0	2
bacon	2	0	0	2
tamiang	2	0	0	2
kargo	2	0	0	2
tumbuh	2	3	1	6
banyaak	2	0	0	2
dijajah	2	0	0	2
koreksi	2	0	0	2
opening	2	0	0	2
kapau	2	0	0	2
tampang	2	0	0	2
pancing	2	0	0	2
color	2	0	0	2
tampias	2	0	0	2
oxtail	2	0	0	2
bawahan	2	1	0	3
dikasir	2	1	0	3
pantry	2	0	0	2
output	2	0	0	2
tubruk	2	0	0	2
tabligh	2	0	0	2
paella	2	0	0	2
jamban	2	0	0	2
belacan	2	0	0	2
enakeun	2	0	0	2
empunya	2	0	0	2
overall	2	0	0	2
subang	2	0	0	2
packing	2	0	0	2
batasan	2	0	0	2
baskoro	2	0	0	2
pangan	2	0	2	4
badak	2	0	1	3
badut	2	0	1	3
ordered	2	0	0	2
galah	2	0	0	2
ahoker	2	0	0	2
barokah	2	0	0	2
islami	2	0	1	3
jadian	2	0	0	2
konteks	2	0	0	2
palopo	2	0	0	2
iringi	2	0	0	2
dijamah	2	0	0	2
jalani	2	0	0	2
halma	2	0	0	2
newyork	2	0	0	2
oksigen	2	0	0	2
trendi	2	0	0	2
bangkok	2	0	0	2
kucuran	2	0	0	2
omelet	2	0	0	2
stiker	2	0	0	2
sulung	2	0	0	2
karso	2	0	0	2
gardu	2	0	0	2
parkit	2	0	0	2
tatapan	2	0	0	2
summer	2	0	0	2
kailan	2	1	0	3
kaitan	2	0	0	2
kalapa	2	0	0	2
clean	2	0	0	2
nyawang	2	0	0	2
kasad	2	0	0	2
eksotik	2	0	0	2
bakti	2	0	0	2
kalong	2	0	0	2
ilegal	2	0	0	2
hantu	2	0	0	2
95.000	2	0	0	2
karno	2	0	0	2
bedalah	2	0	0	2
parfum	2	0	0	2
offline	2	0	0	2
okoklah	2	0	0	2
bayaran	2	0	0	2
outdor	2	0	0	2
oke-oke	2	0	0	2
sultan	2	0	0	2
komando	2	0	0	2
adilan	2	0	0	2
tumbuk	2	1	0	3
koktail	2	0	0	2
tatanan	2	0	0	2
bandros	2	1	0	3
jomblo	2	1	0	3
kroscek	2	0	0	2
officer	2	0	2	4
karir	2	0	0	2
beberap	2	0	0	2
pantun	2	0	0	2
bangets	2	0	0	2
kuadrat	2	0	0	2
beberes	2	0	0	2
nyaring	2	2	0	4
werdha	2	0	0	2
charm	2	2	0	4
dipupus	2	0	0	2
kimia	2	0	1	3
ticket	2	0	1	3
loyang	2	0	0	2
kinca	2	0	0	2
mengoda	2	0	0	2
miyako	2	0	2	4
matikan	2	1	0	3
lumpur	2	0	0	2
mitoha	2	0	0	2
mengata	2	0	0	2
mayfair	2	1	0	3
mister	2	0	0	2
dipukul	2	0	0	2
menemui	2	0	1	3
kerbau	2	0	0	2
ditanam	2	0	0	2
temapt	2	0	0	2
minder	2	0	0	2
kitty	2	0	0	2
mincer	2	0	0	2
melacur	2	0	0	2
melahap	2	0	0	2
ditanah	2	0	0	2
diputer	2	0	0	2
ditahan	2	1	0	3
mendaki	2	1	0	3
gosip	2	0	0	2
birra	2	0	0	2
venture	2	0	0	2
modjok	2	0	0	2
kilat	2	0	0	2
lorong	2	0	0	2
merebut	2	0	0	2
lempar	2	0	0	2
warisan	2	0	0	2
mercure	2	0	0	2
terpadu	2	0	1	3
besuk	2	0	0	2
warakas	2	0	0	2
butek	2	0	0	2
diteras	2	0	0	2
geser	2	0	0	2
wahyudi	2	0	0	2
kesra	2	0	0	2
mousse	2	0	0	2
teknis	2	0	0	2
timnas	2	0	5	7
vitamin	2	0	1	3
bunda	2	2	0	4
getol	2	0	0	2
bulle	2	0	0	2
mosaic	2	0	0	2
mas-mas	2	0	0	2
menipis	2	0	0	2
menimpa	2	0	1	3
bibel	2	0	0	2
grasi	2	0	0	2
menilai	2	0	0	2
masukan	2	0	1	3
wkwkwkwk	2	0	0	2
testing	2	0	0	2
goren	2	0	0	2
tempur	2	0	0	2
melting	2	0	0	2
boson	2	0	0	2
mentan	2	0	0	2
maulid	2	0	0	2
turunan	2	1	0	3
komen	2	0	1	3
touring	2	0	0	2
komet	2	0	0	2
visioner	2	0	0	2
bobok	2	1	0	3
tumpang	2	0	0	2
tradisi	2	0	0	2
godog	2	1	0	3
borma	2	0	0	2
melete	2	0	0	2
konro	2	1	0	3
koper	2	0	0	2
usahakan	2	1	0	3
memuji	2	0	0	2
meluas	2	0	0	2
tender	2	1	0	3
disalah	2	0	0	2
memuat	2	0	1	3
glory	2	0	0	2
tuduhan	2	0	0	2
tengok	2	0	0	2
memble	2	0	0	2
melorot	2	0	0	2
diruang	2	0	0	2
kocak	2	0	0	2
tempoe	2	0	0	2
direbus	2	1	0	3
tibalah	2	0	0	2
middle	2	1	0	3
mamang	2	0	0	2
gopek	2	0	0	2
weekdays	2	0	0	2
mandek	2	0	0	2
mandul	2	0	0	2
mencela	2	0	0	2
menatap	2	1	0	3
wastafel	2	0	0	2
tempel	2	1	0	3
melekat	2	0	0	2
wasekjen	2	0	0	2
manggo	2	1	0	3
menajdi	2	0	0	2
wartawan	2	0	0	2
gomak	2	0	0	2
menaiki	2	0	0	2
tipikor	2	0	0	2
mantep	2	0	0	2
memulai	2	0	0	2
manula	2	0	0	2
ulangan	2	0	0	2
meraih	2	1	1	4
melinda	2	0	0	2
terate	2	0	0	2
tautan	2	0	0	2
merekam	2	0	0	2
dipaket	2	0	0	2
tahura	2	0	0	2
lifeboy	2	0	0	2
taiwan	2	0	0	2
kompor	2	0	1	3
nangor	2	0	0	2
teramat	2	1	0	3
batox	2	0	0	2
celup	2	0	0	2
limited	2	0	0	2
konten	2	1	0	3
konter	2	0	0	2
gempa	2	1	3	6
cegah	2	0	0	2
catur	2	0	0	2
kopyor	2	0	0	2
docmart	2	0	0	2
gemuk	2	0	0	2
korean	2	0	0	2
bayan	2	0	0	2
korned	2	0	0	2
casio	2	0	0	2
kostum	2	0	0	2
alkohol	2	1	0	3
koteka	2	0	0	2
lobster	2	0	0	2
alkitab	2	0	0	2
mustofa	2	0	0	2
lulusan	2	0	0	2
america	2	0	0	2
guest	2	0	0	2
kritis	2	0	0	2
tentram	2	0	0	2
ledakan	2	0	0	2
netijen	2	0	2	4
leisure	2	0	0	2
21.000	2	0	0	2
anugrah	2	0	0	2
leluhur	2	0	0	2
basmi	2	0	0	2
another	2	0	0	2
ngebut	2	0	0	2
tomyum	2	0	0	2
ngatai	2	0	0	2
swikee	2	0	0	2
syahdu	2	0	1	3
ngamuk	2	0	0	2
syarif	2	0	0	2
kijang	2	0	0	2
kilang	2	0	0	2
temapat	2	0	0	2
ngadat	2	0	0	2
dongeng	2	0	0	2
ancaman	2	1	0	3
analogi	2	0	0	2
guide	2	0	0	2
tendang	2	0	0	2
klepon	2	0	0	2
narsis	2	0	0	2
syahwat	2	0	0	2
yayasan	2	0	0	2
nagreg	2	0	0	2
benny	2	0	0	2
monumen	2	0	0	2
moncong	2	0	0	2
whopper	2	0	0	2
makyuss	2	0	0	2
lansia	2	1	0	3
lantas	2	2	0	4
westren	2	0	0	2
bekal	2	0	0	2
western	2	1	0	3
tergiur	2	0	0	2
terjang	2	0	0	2
adaptor	2	0	0	2
miscall	2	0	0	2
diorder	2	0	0	2
malesin	2	0	0	2
adalaha	2	1	0	3
manajer	2	0	0	2
legend	2	0	0	2
belut	2	0	0	2
acungan	2	0	0	2
legowo	2	0	1	3
muasal	2	0	0	2
butut	2	0	0	2
benak	2	0	0	2
tinjau	2	1	0	3
taruma	2	0	0	2
lemari	2	1	0	3
terlupa	2	0	0	2
cadas	2	0	0	2
laknat	2	1	0	3
dizaman	2	0	0	2
museum	2	2	0	4
candy	2	1	0	3
diminum	2	0	1	3
mushrom	2	0	0	2
alaskan	2	0	0	2
terbawa	2	0	1	3
nabrak	2	0	0	2
maafkan	2	0	0	2
mushola	2	0	0	2
alamiah	2	0	0	2
mushala	2	0	0	2
terbeli	2	0	0	2
tampah	2	0	0	2
gerah	2	1	0	3
cakka	2	0	0	2
kuping	2	0	0	2
kenya	2	0	0	2
guard	2	0	0	2
ditunda	2	0	0	2
mulyono	2	0	0	2
aki-aki	2	1	0	3
akhirat	2	0	0	2
caipo	2	0	0	2
akherat	2	0	0	2
musnah	2	0	0	2
ajimaru	2	0	0	2
mudahan	2	0	0	2
becek	2	0	0	2
ananda	2	0	0	2
asean	2	0	0	2
sweater	2	0	0	2
cederai	2	0	0	2
saputra	2	0	0	2
cempaka	2	0	0	2
diamati	2	0	0	2
dempul	2	0	0	2
denagn	2	0	0	2
beking	2	0	0	2
sabuga	2	0	0	2
10.00	2	0	0	2
design	2	1	0	3
diaduk	2	1	0	3
santika	2	0	1	3
sangrai	2	0	0	2
sanders	2	0	0	2
10.30	2	0	0	2
delima	2	0	0	2
10000	2	0	0	2
seuhah	2	1	0	3
dialah	2	0	0	2
samyang	2	0	0	2
skandal	2	0	0	2
diarea	2	0	0	2
skating	2	0	0	2
jabat	2	0	0	2
diatasi	2	0	0	2
carikan	2	1	0	3
sampang	2	0	0	2
sameday	2	0	0	2
samchan	2	0	0	2
izakaya	2	0	0	2
1.000	2	0	0	2
gerilya	2	0	0	2
charger	2	0	3	5
imogiri	2	0	0	2
creepy	2	0	0	2
gerebek	2	0	0	2
curang	2	0	0	2
beradu	2	0	0	2
diuji	2	0	0	2
sebatas	2	0	0	2
zionis	2	0	0	2
cheddar	2	0	0	2
ironi	2	0	0	2
disum	2	0	0	2
seating	2	0	0	2
sayangi	2	0	0	2
gerbong	2	1	0	3
visual	2	0	0	2
voting	2	0	0	2
dangau	2	0	0	2
benang	2	0	0	2
08.00	2	0	0	2
09.00	2	1	0	3
ingusan	2	0	0	2
hours	2	0	0	2
dipan	2	0	0	2
sesuka	2	0	0	2
daster	2	0	0	2
sasaran	2	1	0	3
isran	2	0	0	2
istilah	2	3	0	5
saksang	2	0	0	2
diego	2	0	1	3
jaminan	2	1	0	3
resepsi	2	0	0	2
bulgogi	2	1	0	3
dimata	2	1	0	3
jogging	2	0	0	2
retoran	2	0	0	2
buffett	2	0	0	2
restoan	2	0	0	2
dinner	2	0	0	2
retail	2	0	0	2
jokahok	2	0	0	2
dibawah	2	0	0	2
bubbles	2	0	0	2
bantua	2	0	0	2
vetsin	2	0	0	2
21.30	2	0	0	2
saingan	2	0	0	2
renaldi	2	1	0	3
brussel	2	0	0	2
brullee	2	0	0	2
browser	2	0	0	2
society	2	0	0	2
sogokan	2	1	0	3
regular	2	0	0	2
rentan	2	0	0	2
jatah	2	1	0	3
jugalah	2	0	0	2
jatoh	2	0	0	2
disain	2	0	0	2
brisket	2	0	0	2
dibaned	2	0	0	2
jando	2	0	0	2
dimana	2	0	0	2
dikota	2	0	0	2
saikoro	2	0	0	2
bawain	2	0	0	2
14000	2	0	0	2
horor	2	0	2	4
16.00	2	0	0	2
genting	2	0	0	2
rohana	2	0	0	2
batang	2	2	0	4
roemah	2	1	0	3
skripsi	2	0	0	2
didemo	2	0	0	2
victim	2	0	0	2
dibahas	2	1	0	3
dihari	2	0	0	2
sholat	2	1	0	3
jerawat	2	0	0	2
detox	2	0	0	2
reunion	2	0	0	2
bareto	2	0	0	2
barbie	2	1	0	3
dijamu	2	0	0	2
reunian	2	1	0	3
dikaki	2	0	0	2
buritos	2	0	0	2
dikasi	2	0	0	2
jambu	2	0	0	2
dikata	2	0	0	2
sebelas	2	0	0	2
sampel	2	0	0	2
hilton	2	0	0	2
booked	2	0	0	2
embah	2	0	0	2
wasabi	2	0	0	2
celeng	2	0	0	2
habibie	2	0	1	3
endah	2	0	0	2
daratan	2	0	0	2
darurat	2	0	0	2
ceplok	2	0	0	2
concert	2	0	0	2
sensai	2	0	0	2
charly	2	0	0	2
hahahah	2	1	0	3
inbox	2	0	0	2
chasiu	2	0	0	2
semewah	2	0	0	2
bonjol	2	2	0	4
chesse	2	0	0	2
seuhahh	2	0	0	2
comment	2	0	0	2
selimut	2	1	0	3
xtrans	2	0	0	2
comfort	2	0	0	2
sentil	2	0	0	2
chilli	2	0	0	2
chills	2	0	0	2
chines	2	0	0	2
husen	2	0	0	2
dwina	2	0	0	2
semesta	2	0	0	2
wayang	2	0	0	2
cotton	2	1	0	3
cairan	2	0	0	2
selaku	2	1	0	3
buntil	2	0	0	2
serobot	2	0	0	2
encel	2	0	0	2
welfed	2	0	0	2
wiener	2	0	0	2
dakwaan	2	0	0	2
budget	2	0	0	2
grinder	2	0	0	2
sekutu	2	0	0	2
grandia	2	0	0	2
semata	2	0	0	2
caesar	2	0	0	2
brimob	2	0	0	2
guoblok	2	0	0	2
caisim	2	0	0	2
sepedas	2	0	0	2
sembah	2	0	0	2
country	2	0	0	2
gunawan	2	0	0	2
wisuda	2	0	0	2
embat	2	0	0	2
candil	2	0	0	2
seiman	2	0	0	2
senayan	2	0	0	2
dancing	2	0	0	2
boskuh	2	0	0	2
boscha	2	0	0	2
bombay	2	0	0	2
selepas	2	0	0	2
boikot	2	1	0	3
doloe	2	1	0	3
gigitan	2	0	0	2
series	2	0	0	2
input	2	2	0	4
colada	2	0	0	2
deposit	2	0	0	2
sia-sia	2	1	0	3
cingcau	2	0	0	2
sangri	2	0	0	2
comics	2	0	0	2
sangka	2	0	0	2
sejagad	2	0	0	2
sehinga	2	0	0	2
congor	2	0	0	2
yuummy	2	0	0	2
goresan	2	0	0	2
sedekah	2	2	0	4
walkot	2	0	0	2
sebutan	2	0	0	2
seburuk	2	0	0	2
zaitun	2	0	0	2
identik	2	1	1	4
walini	2	0	0	2
sebrang	2	0	0	2
sandal	2	0	0	2
ilalang	2	0	0	2
illegal	2	0	0	2
desktop	2	0	0	2
zalora	2	0	0	2
entre	2	0	0	2
wardah	2	0	0	2
gitulah	2	0	0	2
sekejap	2	0	0	2
hardisk	2	0	0	2
seleksi	2	0	0	2
cikeas	2	0	0	2
seuprit	2	0	0	2
warpas	2	0	0	2
closing	2	0	0	2
clinton	2	0	0	2
blubup	2	0	0	2
defisit	2	0	0	2
cincin	2	0	0	2
school	2	0	0	2
blokir	2	1	0	3
haruman	2	0	0	2
induk	2	0	0	2
satpol	2	0	0	2
cisitu	2	1	0	3
infus	2	0	0	2
bitter	2	0	0	2
satpam	2	0	0	2
delight	2	0	0	2
shimizu	2	0	0	2
sekolam	2	0	0	2
sepupu	2	0	0	2
cobaan	2	1	0	3
seraya	2	0	0	2
human	2	0	0	2
ciwidey	2	1	0	3
regency	2	0	0	2
rental	2	1	0	3
recehan	2	0	0	2
kemangi	2	0	0	2
ansor	2	0	0	2
geleng	2	0	0	2
perabot	2	1	0	3
pepesan	2	0	0	2
gendut	2	0	0	2
suggest	2	1	0	3
penolak	2	0	0	2
gentar	2	0	0	2
penjuru	2	0	0	2
penjaga	2	0	0	2
anton	2	0	0	2
geulis	2	0	0	2
pickle	2	0	0	2
giling	2	0	0	2
berhati	2	1	0	3
phitan	2	0	0	2
gimbal	2	0	0	2
ginger	2	0	0	2
girang	2	0	0	2
gituan	2	0	0	2
anyar	2	1	0	3
go-jek	2	0	1	3
kabel	2	1	0	3
ulekan	2	0	0	2
kemarau	2	0	0	2
pendiri	2	0	0	2
sum-sum	2	0	0	2
sumbang	2	0	0	2
gegara	2	0	0	2
pioner	2	0	0	2
dishes	2	0	0	2
gakuat	2	0	0	2
sirsak	2	0	0	2
didunia	2	0	0	2
poling	2	0	0	2
berlari	2	0	0	2
dalil	2	1	0	3
podeng	2	0	0	2
pertiwi	2	0	0	2
freeze	2	1	0	3
froduk	2	0	0	2
persero	2	0	0	2
fuckri	2	0	0	2
player	2	0	0	2
gaenak	2	1	0	3
hasto	2	0	0	2
gasuka	2	0	1	3
angga	2	1	0	3
atheis	2	0	0	2
persatu	2	2	0	4
gaming	2	0	0	2
korek	2	0	1	3
ganjal	2	1	0	3
garasi	2	0	0	2
permisi	2	0	0	2
perkata	2	0	0	2
berjaga	2	0	0	2
feeling	2	1	0	3
perfect	2	0	0	2
asinan	2	0	0	2
sungkan	2	0	0	2
fanatik	2	0	0	2
apelo	2	0	0	2
harris	2	0	0	2
beralih	2	0	0	2
sorong	2	0	0	2
harry	2	0	0	2
pelangi	2	0	0	2
pelamar	2	0	0	2
beraksi	2	0	0	2
people	2	1	0	3
sotong	2	1	0	3
haris	2	0	0	2
harian	2	0	0	2
beradab	2	0	0	2
suruhan	2	0	0	2
harman	2	0	0	2
hasyim	2	0	0	2
goring	2	0	0	2
heaven	2	0	0	2
hedset	2	0	0	2
keriput	2	0	0	2
tweeps	2	0	0	2
aspek	2	0	2	4
henpon	2	0	0	2
suwiran	2	0	0	2
herman	2	0	0	2
payment	2	0	1	3
benteng	2	0	0	2
hikmah	2	0	0	2
bengong	2	1	0	3
pavorit	2	0	0	2
pelapak	2	0	0	2
handuk	2	0	0	2
beramai	2	0	0	2
wereng	2	0	0	2
apung	2	0	0	2
digarap	2	0	0	2
forum	2	0	1	3
kencana	2	0	0	2
sophie	2	0	0	2
berbuah	2	0	0	2
arief	2	0	0	2
kadar	2	0	0	2
gratin	2	0	0	2
ariel	2	0	0	2
pesiar	2	0	0	2
armor	2	0	0	2
gubeng	2	1	0	3
pemeran	2	0	0	2
pemburu	2	0	0	2
gulung	2	1	0	3
uenaak	2	2	0	4
angkuh	2	0	0	2
guriih	2	0	0	2
perppu	2	2	0	4
gusdur	2	1	0	3
pembawa	2	0	0	2
angket	2	0	0	2
habisi	2	0	0	2
kepepet	2	0	0	2
pemakan	2	0	0	2
peluang	2	0	0	2
first	2	1	1	4
fillet	2	2	0	4
fiktif	2	0	0	2
rasyid	2	1	0	3
diusut	2	0	0	2
ramdhan	2	0	0	2
blunder	2	1	0	3
degan	2	1	0	3
tenpat	2	0	0	2
urutan	2	0	0	2
jesus	2	0	0	2
hilir	2	0	0	2
bandar	2	0	0	2
jidat	2	0	0	2
bamboo	2	0	0	2
kambang	2	0	0	2
kambinc	2	0	0	2
fajar	2	0	0	2
stadion	2	0	0	2
spesies	2	0	0	2
donasi	2	0	0	2
ballen	2	0	0	2
dongok	2	0	0	2
donlod	2	0	0	2
simbol	2	0	0	2
dorong	2	0	0	2
rangga	2	0	0	2
billing	2	0	0	2
bilique	2	0	0	2
kampang	2	0	0	2
urgent	2	0	0	2
biarlah	2	0	0	2
diusir	2	3	0	5
hinca	2	0	0	2
redeem	2	0	0	2
rampung	2	0	0	2
dibuang	2	0	0	2
rebutan	2	1	0	3
jeans	2	0	0	2
remang	2	1	0	3
faham	2	0	0	2
ganyang	2	0	0	2
realita	2	0	0	2
somehow	2	0	0	2
bowling	2	0	0	2
relasi	2	1	0	3
aakan	2	0	0	2
bosston	2	0	0	2
jejak	2	2	0	4
booming	2	0	0	2
relaks	2	0	0	2
kaesang	2	0	0	2
ganesha	2	0	0	2
bolelah	2	0	0	2
ranting	2	0	0	2
rektor	2	0	0	2
ditiap	2	0	0	2
usulan	2	0	0	2
spanduk	2	0	0	2
delay	2	0	0	2
spanyol	2	0	0	2
acuan	2	0	0	2
rekrut	2	0	0	2
puntung	2	0	0	2
gaboleh	2	0	0	2
bermerk	2	0	0	2
expect	2	1	0	3
jubah	2	0	0	2
debet	2	0	1	3
enhaii	2	0	0	2
ernest	2	0	0	2
premier	2	0	0	2
didalem	2	0	0	2
prewed	2	0	0	2
baguus	2	0	0	2
playing	2	1	0	3
berotak	2	0	0	2
badung	2	0	0	2
berobat	2	0	0	2
platina	2	0	0	2
pingsan	2	0	0	2
jogya	2	0	0	2
potter	2	0	0	2
siomai	2	0	0	2
pindang	2	0	0	2
kawatir	2	0	0	2
flavour	2	0	0	2
bermula	2	0	0	2
ayolah	2	0	0	2
dididik	2	0	1	3
picture	2	0	0	2
bermuka	2	1	0	3
faktor	2	0	0	2
petasan	2	0	0	2
andir	2	0	0	2
debus	2	0	0	2
felix	2	0	0	2
francis	2	0	0	2
karamel	2	0	1	3
starter	2	0	0	2
publish	2	1	0	3
joint	2	0	0	2
rahmat	2	2	0	4
puaskan	2	0	0	2
kamulah	2	0	0	2
ahkir	2	0	0	2
farma	2	0	1	3
project	2	0	0	2
eclair	2	0	0	2
puyung	2	0	0	2
effort	2	0	0	2
pusdai	2	1	0	3
beruang	2	0	1	3
profile	2	0	0	2
bertiup	2	0	0	2
freedom	2	0	0	2
privacy	2	0	0	2
frappio	2	0	0	2
kantung	2	0	0	2
bakmoi	2	0	0	2
ajaib	2	1	0	3
kapolda	2	0	0	2
eleven	2	0	0	2
emirat	2	0	0	2
dicopot	2	0	0	2
united	2	0	0	2
blogger	2	0	0	2
z	2	0	0	2
wrist	2	0	0	2
menjanjikan	2	0	0	2
menyebutkan	2	3	0	5
prioritas	2	0	0	2
provokasi	2	0	0	2
menyeberang	2	0	0	2
psikologi	2	0	0	2
menyakitkan	2	0	0	2
cak	2	0	0	2
ragu-ragu	2	0	0	2
menjijikkan	2	0	0	2
menjelekkan	2	2	0	4
acak	2	0	1	3
recording	2	0	0	2
abon	2	1	0	3
abdi	2	0	0	2
coi	2	0	0	2
restorasi	2	0	0	2
retaurant	2	0	0	2
9.55	2	0	0	2
roomstore	2	0	0	2
saat-saat	2	0	1	3
cbg	2	0	0	2
8000	2	0	0	2
8.30	2	0	0	2
cfd	2	0	0	2
sampailah	2	0	0	2
sampingan	2	1	0	3
7000	2	0	0	2
mengonsumsi	2	1	0	3
prambanan	2	0	0	2
ahog	2	1	0	3
pizzalogy	2	1	0	3
menyeramkan	2	0	0	2
bkr	2	0	0	2
amir	2	0	0	2
ambo	2	0	0	2
amal	2	2	0	4
peraturan	2	0	1	3
musik-musik	2	0	0	2
mirip-mirip	2	0	0	2
alih	2	0	0	2
minum-minum	2	0	0	2
boy	2	0	0	2
aldi	2	1	0	3
perdesaan	2	0	0	2
peredaran	2	0	1	3
peresmian	2	1	0	3
perikanan	2	0	1	3
alah	2	0	0	2
akut	2	1	0	3
perluasan	2	0	0	2
bsd	2	0	0	2
bsm	2	0	0	2
persekusi	2	2	0	4
merchandise	2	0	0	2
akir	2	0	0	2
menyodorkan	2	0	0	2
ajip	2	0	0	2
bui	2	0	0	2
pindahkan	2	0	0	2
mengizinkan	2	0	0	2
cor	2	0	0	2
bjb	2	0	0	2
edy	2	0	0	2
softdrink	2	0	0	2
memberitahu	2	0	0	2
something	2	0	0	2
1996	2	0	0	2
duo	2	0	1	3
spaghetty	2	0	0	2
spesialis	2	2	0	4
melunturkan	2	0	0	2
eci	2	0	0	2
sriwijaya	2	0	0	2
stabilkan	2	0	0	2
starbucks	2	0	0	2
masuk-masuk	2	0	0	2
marshmallow	2	0	0	2
sederetan	2	0	0	2
strawberi	2	0	0	2
strawbery	2	0	0	2
egy	2	0	0	2
substansi	2	0	0	2
sumbangan	2	0	0	2
sumringah	2	0	0	2
fak	2	0	0	2
supermall	2	0	0	2
koordinator	2	0	0	2
supratman	2	0	0	2
fan	2	0	0	2
tahu-tahu	2	1	0	3
konsolidasi	2	1	0	3
smoothies	2	2	0	4
2002	2	1	0	3
2003	2	0	0	2
2004	2	0	0	2
segalanya	2	0	0	2
menggiurkan	2	0	0	2
segeralah	2	0	0	2
coy	2	0	0	2
menggandeng	2	0	0	2
sekolahan	2	1	0	3
sela-sela	2	0	0	2
dab	2	0	0	2
dam	2	0	0	2
selingkuh	2	1	0	3
mengagumkan	2	1	0	3
den	2	0	0	2
dhl	2	0	0	2
din	2	0	1	3
dng	2	0	0	2
menampakkan	2	0	0	2
mempermudah	2	0	0	2
2024	2	0	1	3
2023	2	0	0	2
serangkai	2	1	0	3
2020	2	0	0	2
settingan	2	0	1	3
2011	2	0	0	2
dpt	2	0	0	2
2009	2	0	0	2
siliwangi	2	0	0	2
2007	2	0	0	2
pentungan	2	0	0	2
biz	2	1	0	3
konglomerat	2	0	0	2
quesadillas	2	0	0	2
mencampur	2	0	0	2
byrn	2	0	0	2
resepsionis	2	0	0	2
mendetail	2	0	0	2
menerangi	2	0	0	2
mengakses	2	0	0	2
buas	2	0	0	2
brew	2	1	0	3
9an	2	0	0	2
aan	2	0	0	2
bowo	2	0	0	2
radikalisme	2	0	0	2
mengincar	2	0	0	2
ace	2	0	0	2
meragukan	2	1	0	3
boby	2	0	0	2
boat	2	0	0	2
mengurusi	2	0	0	2
menikamti	2	0	0	2
meninggal	2	1	2	5
meningkat	2	1	0	3
photo-photo	2	0	0	2
menjalani	2	1	0	3
pertarungan	2	1	0	3
persidangan	2	0	0	2
bite	2	0	0	2
akb	2	0	0	2
bias	2	0	0	2
caci	2	0	1	3
restoranlah	2	0	0	2
memproses	2	0	0	2
cane	2	0	0	2
siang-siang	2	1	0	3
cote	2	0	0	2
639	2	0	0	2
cook	2	0	0	2
seindonesia	2	0	0	2
cola	2	0	7	9
seimbanglah	2	0	0	2
coet	2	0	0	2
coca	2	0	1	3
manokwari	2	0	0	2
manusiawi	2	0	0	2
margahayu	2	0	0	2
marinated	2	0	0	2
citi	2	0	0	2
seger-seger	2	0	0	2
seakan-akan	2	0	0	2
700	2	0	0	2
mayonaise	2	0	0	2
sayup-sayup	2	0	0	2
melampaui	2	0	0	2
melangkah	2	0	0	2
chil	2	0	0	2
chic	2	0	0	2
robek-robek	2	0	0	2
memasukan	2	0	0	2
mematikan	2	0	0	2
card	2	1	0	3
perkantoran	2	0	0	2
merangkai	2	0	0	2
pengusung	2	0	0	2
pelan-pelan	2	0	0	2
panghegar	2	0	0	2
panjaitan	2	0	0	2
pantaslah	2	0	0	2
asuh	2	0	0	2
pembangkang	2	0	0	2
pelayananan	2	0	0	2
pekanbaru	2	0	0	2
pelabuhan	2	0	0	2
pelataran	2	0	0	2
pelatihan	2	0	0	2
pemaksaan	2	0	0	2
pemasaran	2	0	0	2
pembelaan	2	0	0	2
pemilihan	2	0	1	3
bgst	2	0	0	2
pemisahan	2	0	0	2
parit-parit	2	0	0	2
penambang	2	0	0	2
bei	2	0	0	2
arik	2	0	0	2
arar	2	0	0	2
pendirian	2	1	0	3
bet	2	1	0	3
apin	2	0	0	2
pengacara	2	0	0	2
bit	2	1	0	3
penghasil	2	1	0	3
pengujung	2	0	0	2
panasonic	2	0	1	3
atur	2	0	0	2
pagi-pagi	2	0	0	2
pembentukan	2	0	1	3
ani	2	0	0	2
best	2	0	0	2
messenger	2	0	0	2
bene	2	0	0	2
bego	2	2	0	4
been	2	0	0	2
bear	2	0	0	2
apk	2	0	0	2
munafikun	2	0	0	2
munculnya	2	0	0	2
naik-naik	2	0	0	2
basa	2	0	0	2
peningkatan	2	0	0	2
bara	2	1	0	3
bani	2	0	0	2
ngeluarin	2	0	1	3
asi	2	0	1	3
bahu	2	0	0	2
penggusuran	2	0	0	2
ato	2	0	0	2
obor-obor	2	1	0	3
ayok	2	0	0	2
obsession	2	0	0	2
aus	2	2	0	4
ayu	2	1	0	3
overrated	2	0	0	2
pemberitaan	2	0	0	2
tamansari	2	0	0	2
komunikatif	2	0	0	2
oum	2	0	0	2
teken	2	0	0	2
tenno	2	0	0	2
lsi	2	0	0	2
lte	2	0	0	2
bhinneka	2	0	0	2
biasalah	2	0	0	2
teluk	2	0	0	2
teler	2	0	0	2
bukit-bukit	2	1	0	3
luh	2	0	0	2
bilamana	2	0	0	2
telan	2	0	0	2
binggung	2	0	0	2
lux	2	0	0	2
tekel	2	0	0	2
tebak	2	0	1	3
mac	2	0	0	2
tegur	2	0	0	2
bolak-balik	2	0	0	2
teguh	2	0	0	2
tegar	2	0	0	2
map	2	0	0	2
bocorkan	2	0	0	2
mat	2	0	0	2
bodoamat	2	0	0	2
beterbangan	2	0	0	2
bohongin	2	0	0	2
teddy	2	0	0	2
tebus	2	0	0	2
teori	2	0	0	2
low	2	0	0	2
lot	2	1	0	3
calon-calon	2	1	0	3
berjilid	2	0	0	2
berjudul	2	0	0	2
berkarat	2	1	0	3
tirai	2	0	0	2
berkerja	2	0	0	2
berkulit	2	0	0	2
dekat-dekat	2	0	0	2
lan	2	1	0	3
berlatar	2	0	0	2
lap	2	0	0	2
las	2	0	0	2
berlebih	2	0	0	2
tikus	2	0	0	2
bermoral	2	0	0	2
lip	2	0	0	2
bermotif	2	0	0	2
three	2	2	0	4
thema	2	0	0	2
chinesefood	2	0	0	2
cepat-cepat	2	0	0	2
berputar	2	0	0	2
tesis	2	0	0	2
lol	2	0	0	2
teror	2	0	0	2
terik	2	1	0	3
los	2	0	0	2
bertahap	2	0	0	2
bragaweg	2	0	0	2
berprestasi	2	0	0	2
berjejer	2	0	0	2
diacungi	2	0	0	2
neg	2	0	0	2
acara-acara	2	0	0	2
swiss	2	2	0	4
suwir	2	1	0	3
abang-abang	2	0	0	2
croissan	2	0	0	2
noh	2	0	0	2
now	2	1	0	3
dedikasi	2	0	0	2
delivery	2	0	0	2
sunyi	2	0	0	2
denpasar	2	0	0	2
sumur	2	0	0	2
suluh	2	0	0	2
tchen	2	0	0	2
08524968235	2	0	0	2
suite	2	0	0	2
suguh	2	0	0	2
dibegitu	2	0	0	2
diblokir	2	1	0	3
dicintai	2	1	0	3
021 1500755	2	0	0	2
dicontoh	2	0	0	2
difitnah	2	0	0	2
stuck	2	0	0	2
struk	2	0	1	3
ons	2	0	0	2
digiling	2	0	0	2
syrup	2	0	0	2
comberan	2	0	0	2
nam	2	0	1	3
colonial	2	0	0	2
meh	2	0	0	2
bermodalkan	2	0	0	2
mid	2	1	0	3
berhubungan	2	2	0	4
berhentilah	2	0	0	2
tasik	2	0	0	2
mih	2	0	0	2
beres-beres	2	0	0	2
catching	2	2	0	4
taraf	2	0	0	2
cawangan	2	0	0	2
taqwa	2	0	0	2
mmi	2	0	0	2
mnc	2	1	0	3
beranggapan	2	0	0	2
berafiliasi	2	0	0	2
ceremony	2	0	0	2
tante	2	0	0	2
bekerjasama	2	0	1	3
cikampek	2	1	0	3
ciliwung	2	0	0	2
asyik-asyik	2	0	0	2
cipacing	2	0	0	2
citiwalk	2	0	0	2
nak	2	0	0	2
clemmons	2	0	0	2
table	2	0	0	2
berjihad	2	0	0	2
berharga	2	0	1	3
fit	2	0	0	2
hee	2	0	0	2
gym	2	1	0	3
xviii	2	0	0	2
ternyaman	2	0	0	2
kebangkitan	2	0	0	2
keanggotaan	2	0	0	2
wudhu	2	0	0	2
terpesona	2	1	0	3
had	2	0	0	2
kapan-kapan	2	2	0	4
woman	2	0	0	2
wokeh	2	0	0	2
hay	2	0	0	2
terungkap	2	1	0	3
kader-kader	2	0	0	2
untunglah	2	1	0	3
his	2	1	0	3
hit	2	1	0	3
jenis-jenis	2	1	0	3
hnw	2	0	0	2
wetan	2	0	0	2
htm	2	0	0	2
watak	2	0	0	2
traktiran	2	0	0	2
independent	2	0	0	2
transkrip	2	0	0	2
iming-iming	2	0	0	2
waria	2	0	0	2
tropicana	2	0	0	2
kebhinekaan	2	0	0	2
termantap	2	0	0	2
terlintas	2	2	0	4
terlayani	2	0	0	2
tanggeung	2	0	0	2
tangkupan	2	0	0	2
klarifikasi	2	0	0	2
tayangkan	2	0	0	2
fly	2	0	0	2
for	2	1	0	3
tempatkan	2	2	0	4
zenbu	2	2	0	4
ftv	2	0	0	2
yusri	2	1	0	3
terbangun	2	1	0	3
keroncongan	2	1	0	3
kepercayaan	2	0	0	2
kementerian	2	0	1	3
terdaftar	2	0	0	2
yesus	2	0	0	2
terhalang	2	0	0	2
terhampar	2	1	0	3
terhidang	2	1	0	3
gim	2	0	0	2
gol	2	1	0	3
yeaay	2	1	0	3
gor	2	0	0	2
gpu	2	0	0	2
yaman	2	1	0	3
kebun-kebun	2	0	0	2
terlarang	2	0	0	2
ungkapkan	2	0	0	2
vegetable	2	0	0	2
today	2	1	0	3
berakhir	2	0	2	4
kbs	2	0	0	2
dikunjungin	2	0	0	2
banyakan	2	2	0	4
barbecue	2	0	0	2
dikumpulkan	2	0	0	2
trump	2	0	0	2
belalang	2	0	0	2
belitung	2	0	0	2
truck	2	0	0	2
dikecewakan	2	0	0	2
trend	2	0	0	2
bentukan	2	0	0	2
benyamin	2	0	0	2
trade	2	0	0	2
wafel	2	0	0	2
berangin	2	0	0	2
kkp	2	1	0	3
berbayar	2	0	0	2
berbekal	2	0	0	2
berbelok	2	0	0	2
didatangkan	2	0	4	6
berbukit	2	0	0	2
berbulan	2	0	1	3
dibuat-buat	2	0	0	2
dibicarakan	2	0	0	2
berduaan	2	0	0	2
tokyo	2	1	0	3
token	2	0	0	2
kas	2	1	0	3
asuransi	2	1	0	3
ultah	2	0	0	2
ultra	2	0	3	5
wakapolri	2	0	0	2
wabah	2	0	0	2
voila	2	0	0	2
hidup-hidup	2	1	0	3
harganyapun	2	0	0	2
yoshinoya	2	0	0	2
544a2f94	2	0	0	2
expectation	2	0	0	2
environment	2	0	0	2
vegan	2	0	0	2
abdullah	2	1	0	3
empek-empek	2	0	0	2
itc	2	1	0	3
ditempatkan	2	1	1	4
usual	2	0	0	2
alacarte	2	0	0	2
disepanjang	2	0	0	2
analisis	2	0	0	2
andalkan	2	0	0	2
jet	2	0	0	2
until	2	0	0	2
anjurkan	2	0	0	2
unesa	2	0	0	2
aparatur	2	0	0	2
under	2	0	0	2
jkt	2	0	0	2
dipolitisir	2	0	0	2
legalitas	2	0	0	2
cuti	2	0	0	2
lari-lari	2	0	0	2
kebudayaan	2	0	0	2
sutarmidji	2	2	0	4
swasembada	2	0	0	2
syamsuddin	2	0	0	2
meet	2	0	0	2
teppanyaki	2	0	0	2
keceplosan	2	0	0	2
mbjb	2	0	0	2
terkoneksi	2	0	0	2
terlengkap	2	0	0	2
maut	2	0	0	2
terpampang	2	1	0	3
kecantikan	2	0	0	2
terpenting	2	1	0	3
kebisingan	2	0	0	2
lugu	2	0	0	2
keberkahan	2	0	0	2
keberanian	2	0	1	3
kebanjiran	2	0	0	2
tersandung	2	0	0	2
kebangetan	2	0	0	2
suda	2	0	0	2
tradisonal	2	1	0	3
suir	2	0	0	2
mako	2	0	0	2
suit	2	0	0	2
maja	2	1	0	3
vietnamese	2	0	0	2
waspadalah	2	0	0	2
subscriber	2	1	0	3
kedengaran	2	0	1	3
strwaberry	2	0	0	2
kehancuran	2	0	0	2
neng	2	0	0	2
koffietijd	2	0	0	2
keuntungan	2	0	2	4
siti	2	0	1	3
schaschlik	2	0	0	2
slim	2	0	0	2
sebagainya	2	0	0	2
nano	2	0	0	2
smrc	2	0	0	2
nahi	2	0	0	2
sekelompok	2	0	0	2
sekumpulan	2	0	0	2
selamatkan	2	0	0	2
selayaknya	2	0	0	2
nada	2	0	0	2
kepimpinan	2	0	0	2
kembalikan	2	0	5	7
sepadanlah	2	0	0	2
sono	2	0	0	2
sertifikat	2	1	0	3
mula	2	0	0	2
mudi	2	0	0	2
signifikan	2	0	0	2
kelanjutan	2	0	0	2
more	2	0	0	2
kekecewaan	2	1	0	3
kehangatan	2	1	0	3
wonderland	2	0	0	2
adek-adek	2	0	0	2
siar	2	0	0	2
facilities	2	0	0	2
they	2	1	0	3
kwek	2	0	0	2
kutu	2	0	0	2
finalisasi	2	0	0	2
thru	2	1	0	3
berbangga	2	0	0	2
kuta	2	0	0	2
kung	2	0	0	2
bercerita	2	1	0	3
kuli	2	1	0	3
berebutan	2	0	0	2
bergambar	2	0	0	2
favoritkan	2	0	0	2
kran	2	0	0	2
agak-agak	2	0	0	2
beribadah	2	0	0	2
berisikan	2	1	0	3
koya	2	0	0	2
berjualan	2	0	0	2
berjumlah	2	0	0	2
tiri	2	0	0	2
diutamakan	2	0	0	2
kong	2	0	0	2
ditungguin	2	0	0	2
berlumpur	2	0	0	2
koja	2	0	0	2
koin	2	0	0	2
bersampan	2	0	0	2
beralamat	2	0	0	2
kyai	2	0	0	2
bendungan	2	0	1	3
bendahara	2	0	0	2
love	2	0	0	2
loud	2	0	0	2
aktifitas	2	1	0	3
insyaallah	2	1	1	4
tank	2	0	0	2
aluminium	2	0	0	2
alun-alun	2	0	1	3
loch	2	0	0	2
lobi	2	0	0	2
americano	2	0	0	2
tape	2	0	1	3
tare	2	0	0	2
lips	2	0	0	2
apa-apaan	2	0	0	2
apartemen	2	0	0	2
appetiser	2	0	0	2
australia	2	0	0	2
taxi	2	0	1	3
autodebet	2	0	0	2
tbtb	2	0	0	2
bale-bale	2	1	0	3
land	2	0	0	2
baru-baru	2	0	1	3
baso-baso	2	0	0	2
beginilah	2	0	0	2
belanjaan	2	0	1	3
that	2	0	0	2
neno	2	0	0	2
kompetitor	2	2	0	4
lampirkan	2	0	0	2
pipi	2	0	0	2
riza	2	0	0	2
road	2	0	0	2
pannacotta	2	0	0	2
parasmanan	2	0	0	2
mengangkat	2	0	1	3
roda	2	0	0	2
mengajukan	2	0	0	2
poor	2	0	0	2
pemandanga	2	1	0	3
meneruskan	2	0	0	2
plin	2	0	0	2
plan	2	0	0	2
pembenaran	2	0	0	2
menelusuri	2	0	0	2
penempatan	2	1	1	4
rshs	2	0	5	7
pina	2	0	0	2
pemenangan	2	0	0	2
ruas	2	1	0	3
rudi	2	0	0	2
peti	2	0	0	2
ruma	2	0	0	2
peta	2	0	0	2
menantikan	2	0	0	2
menanggapi	2	1	1	4
pencapaian	2	1	0	3
rush	2	0	0	2
menandakan	2	0	0	2
padjajaran	2	0	0	2
riuh	2	1	0	3
psms	2	0	0	2
organisasi	2	0	0	2
mentraktir	2	1	0	3
menuliskan	2	0	0	2
menjangkau	2	1	0	3
rayu	2	0	0	2
menunjukan	2	0	0	2
menyalakan	2	1	0	3
menyamakan	2	0	0	2
mengunakan	2	0	0	2
menyebrang	2	0	0	2
menyetujui	2	0	0	2
raih	2	0	0	2
raid	2	0	0	2
merajalela	2	1	0	3
raga	2	0	1	3
merepotkan	2	1	0	3
mewajibkan	2	0	0	2
mengiringi	2	0	0	2
menghilang	2	0	1	3
mirotashop	2	0	0	2
menghadang	2	0	0	2
ride	2	0	0	2
puma	2	0	0	2
puji	2	0	0	2
menggiring	2	1	0	3
mengganjal	2	1	0	3
notifikasi	2	0	2	4
opportunis	2	0	0	2
pendekatan	2	0	0	2
pengabdian	2	0	0	2
siam	2	0	0	2
lengserkan	2	0	0	2
perorangan	2	0	0	2
perpanjang	2	0	0	2
perpisahan	2	0	0	2
persentasi	2	0	0	2
pertahanan	2	0	0	2
pertemanan	2	0	0	2
sedy	2	0	0	2
onar	2	0	0	2
maincourse	2	0	0	2
politisasi	2	0	0	2
seks	2	0	0	2
ojol	2	0	0	2
sela	2	0	0	2
ohya	2	0	0	2
peci	2	0	0	2
purwokerto	2	0	0	2
sera	2	0	0	2
seri	2	0	0	2
nyam	2	0	0	2
nyai	2	0	0	2
sgwr	2	1	0	3
noda	2	0	0	2
konstituen	2	0	0	2
konspirasi	2	0	0	2
show	2	2	0	4
nike	2	0	1	3
restaurang	2	0	0	2
konferensi	2	0	0	2
orak	2	0	0	2
matematika	2	0	1	3
otot	2	0	0	2
ozon	2	0	0	2
pengawasan	2	0	0	2
sabu	2	0	0	2
pengemasan	2	0	0	2
sagu	2	0	0	2
memperoleh	2	0	0	2
pengganggu	2	0	0	2
penggiling	2	0	0	2
memperkuat	2	0	0	2
penghangat	2	0	0	2
saik	2	0	0	2
penghinaan	2	0	0	2
pengupload	2	0	0	2
penjajakan	2	0	0	2
papa	2	0	0	2
membungkus	2	0	0	2
penyaluran	2	0	0	2
membongkar	2	1	0	3
sala	2	0	0	2
pala	2	1	0	3
membawakan	2	0	0	2
penyesalan	2	0	0	2
penyisihan	2	0	0	2
perampokan	2	0	0	2
memaksakan	2	0	0	2
percakapan	2	0	0	2
meletakkan	2	0	0	2
melecehkan	2	1	0	3
bersihkan	2	1	1	4
diteruskan	2	0	0	2
toge	2	0	0	2
intoleran	2	0	1	3
appreciate	2	0	0	2
full	2	0	0	2
foya	2	0	0	2
0,0	2	0	0	2
foie	2	0	0	2
additional	2	2	0	4
identitas	2	0	1	3
ikan-ikan	2	0	0	2
ikut-ikut	2	0	0	2
find	2	0	0	2
1.5	2	0	0	2
institusi	2	1	0	3
intelijen	2	0	0	2
investasi	2	0	0	2
tongkrongan	2	0	0	2
farm	2	0	0	2
fans	2	0	0	2
warna-warni	2	0	0	2
warna-warna	2	0	0	2
jangkauan	2	0	0	2
jayakarta	2	0	0	2
jelalatan	2	0	0	2
125	2	0	0	2
128	2	1	1	4
12v	2	0	0	2
kami-kami	2	0	0	2
eneg	2	0	0	2
147	2	0	0	2
hangatkan	2	0	0	2
zoom	2	0	0	2
australian	2	0	0	2
zone	2	0	0	2
berlawanan	2	1	0	3
have	2	1	0	3
haus	2	0	3	5
berkuliner	2	1	0	3
hara	2	0	0	2
ekspedisi	2	0	0	2
hand	2	0	0	2
elizabeth	2	0	0	2
half	2	0	0	2
berkhianat	2	0	0	2
yanh	2	1	0	3
grgr	2	0	0	2
berdesakan	2	0	0	2
gras	2	0	0	2
gprs	2	0	0	2
fotografi	2	1	1	4
freshfund	2	0	0	2
beralkohol	2	1	0	3
fungiyaki	2	0	0	2
your	2	0	0	2
bcaklikpay	2	1	0	3
yumy	2	0	0	2
give	2	0	0	2
gitu-gitu	2	0	1	3
genk	2	0	0	2
balikpapan	2	0	1	3
gate	2	1	0	3
kebakaran	2	0	1	3
elok	2	1	0	3
bertopeng	2	0	0	2
deng	2	0	0	2
keragaman	2	0	0	2
kerawanan	2	0	0	2
keributan	2	0	0	2
kerusakan	2	0	0	2
kesadaran	2	0	0	2
kesigapan	2	0	0	2
2in	2	0	0	2
depo	2	0	0	2
kesusahan	2	0	0	2
ketangkap	2	0	0	2
ketemulah	2	2	0	4
ketentuan	2	1	0	3
suara-suara	2	0	0	2
30k	2	0	0	2
tokoh-tokoh	2	0	0	2
deco	2	0	0	2
kewajiban	2	0	0	2
kilometer	2	0	0	2
spesifikasi	2	1	1	4
35k	2	1	0	3
kita-kita	2	1	0	3
komplotan	2	0	0	2
komunisme	2	0	0	2
snack-snack	2	1	0	3
kosongkan	2	0	0	2
kronologi	2	0	0	2
dadu	2	0	0	2
laba-laba	2	1	0	3
tenda-tenda	2	0	0	2
disc	2	0	0	2
tenggorokan	2	0	0	2
kemuliaan	2	0	1	3
kebodohan	2	0	0	2
eggy	2	0	0	2
kecewakan	2	0	0	2
15k	2	1	0	3
terus-terus	2	0	0	2
eddy	2	0	0	2
160	2	0	1	3
tertandingi	2	0	0	2
tersinggung	2	0	0	2
duri	2	0	0	2
kegaduhan	2	0	0	2
duel	2	0	0	2
168	2	0	0	2
dsri	2	0	0	2
terpilihlah	2	0	0	2
kejadulan	2	0	0	2
drip	2	0	0	2
kejujuran	2	0	0	2
190	2	0	0	2
kekacauan	2	0	0	2
down	2	0	0	2
20k	2	1	0	3
tergantikan	2	1	0	3
kemalaman	2	0	0	2
kemaleman	2	0	0	2
kemasukan	2	0	0	2
kemudahan	2	0	3	5
helm	2	0	0	2
beroperasi	2	0	0	2
helo	2	0	0	2
unit	2	0	0	2
dikhianati	2	1	0	3
cuap-cuap	2	0	0	2
customers	2	0	0	2
ulet	2	0	0	2
jleb	2	0	0	2
jing	2	0	0	2
dikalangan	2	1	0	3
dikalahkan	2	0	0	2
jend	2	0	0	2
dikabulkan	2	1	0	3
ulum	2	0	0	2
dihibahkan	2	0	0	2
diharuskan	2	1	0	3
didampingi	2	1	0	3
diucapkan	2	0	0	2
diciptakan	2	0	0	2
dicalonkan	2	1	0	3
diberitahu	2	0	0	2
dibereskan	2	0	0	2
usil	2	0	0	2
dibarengin	2	0	0	2
dibawakan	2	0	0	2
diantarkan	2	1	0	3
dibedakan	2	0	0	2
iwan	2	1	0	3
dicarikan	2	0	0	2
item	2	0	0	2
vena	2	0	0	2
croissant	2	0	0	2
dikirimkan	2	1	1	4
ulam	2	1	0	3
ulah	2	1	0	3
ditaburkan	2	0	0	2
tony	2	0	0	2
bicarakan	2	0	0	2
bievflees	2	0	0	2
tour	2	0	0	2
diselimuti	2	0	0	2
kids	2	0	0	2
diresmikan	2	0	0	2
diprediksi	2	0	0	2
diplomatis	2	0	0	2
kepo	2	0	0	2
trio	2	0	0	2
dipesankan	2	0	0	2
borromeus	2	0	0	2
breakfast	2	0	2	4
keke	2	0	0	2
diperbudak	2	0	0	2
butterfly	2	0	0	2
capuccino	2	0	0	2
dipalsukan	2	0	0	2
celebrate	2	0	0	2
champions	2	0	0	2
cina-cina	2	0	0	2
cinaisasi	2	1	0	3
kaco	2	0	0	2
udjo	2	0	0	2
ungkapan	2	0	0	2
didiamkan	2	1	0	3
visa	2	0	0	2
connection	2	0	0	2
huru	2	0	0	2
hulk	2	0	0	2
dirangkul	2	0	0	2
dirasakan	2	1	0	3
bertekstur	2	0	0	2
bertandang	2	0	0	2
bersyariah	2	0	0	2
dirugikan	2	0	1	3
hood	2	0	0	2
hong	2	0	0	2
will	2	0	0	2
berstandar	2	0	0	2
wiri	2	0	0	2
berserakan	2	2	1	5
diselingi	2	0	0	2
bersepuluh	2	0	0	2
disengaja	2	0	0	2
wita	2	0	0	2
disitulah	2	0	0	2
wlpn	2	0	0	2
ditambahi	2	0	0	2
ditanggap	2	0	0	2
ditelepon	2	0	0	2
hias	2	1	1	4
ditujukan	2	0	0	2
ditumbuhi	2	0	0	2
herb	2	0	0	2
berpakaian	2	0	0	2
bertepatan	2	0	0	2
hype	2	0	0	2
compliment	2	0	0	2
wico	2	0	0	2
iran	2	0	0	2
collection	2	0	0	2
viva	2	0	0	2
ciumbuluit	2	0	0	2
ipar	2	0	0	2
cipularang	2	0	0	2
inii	2	0	0	2
inet	2	0	0	2
diijinkan	2	0	0	2
casablanca	2	0	0	2
dijajakan	2	1	0	3
dijakarta	2	0	0	2
iman	2	1	0	3
dikeroyok	2	0	0	2
ikea	2	0	0	2
dilembang	2	0	0	2
dilengkap	2	0	0	2
iibf	2	0	0	2
dimajukan	2	0	0	2
dimatikan	2	0	1	3
what	2	2	0	4
icip	2	0	0	2
dipandang	2	0	0	2
blackberry	2	0	0	2
ical	2	0	0	2
ibis	2	0	4	6
ibas	2	0	0	2
stock	2	0	0	2
menjelajah	2	0	0	2
pipis	2	0	0	2
kafirlah	2	0	0	2
sanpachi	2	0	0	2
mempersiapkan	2	0	0	2
memory	2	0	0	2
gp	2	0	0	2
misalkan	2	0	0	2
pp	2	0	0	2
kabulkan	2	0	0	2
swt	2	2	0	4
kemarin-kemarin	2	0	0	2
mengawal	2	0	1	3
mengada-ngada	2	0	0	2
mural	2	1	0	3
kantoran	2	1	0	3
kapolres	2	0	0	2
milenial	2	0	0	2
diskriminasi	2	0	0	2
sahur	2	1	0	3
saing	2	0	0	2
junkfood	2	0	0	2
junjunan	2	0	0	2
berita-berita	2	0	0	2
persulit	2	0	0	2
solution	2	0	0	2
lonte	2	1	0	3
murid	2	1	0	3
sul	2	0	0	2
tebing-tebing	2	0	0	2
saleh	2	0	0	2
jatibaru	2	0	0	2
refleksi	2	0	0	2
jatuhkan	2	1	0	3
rb	2	0	0	2
salak	2	0	2	4
jimbaran	2	0	0	2
soeharto	2	1	0	3
mengakibatkan	2	0	0	2
lover	2	0	0	2
co	2	1	1	4
simpatik	2	0	0	2
sinereut	2	0	0	2
sindiran	2	0	0	2
bercengkerama	2	0	0	2
petinggi	2	0	1	3
kecebong	2	2	0	4
pikirkan	2	0	1	3
round	2	0	0	2
pileg	2	0	0	2
mengakomodasi	2	0	0	2
mendeklarasikan	2	0	0	2
dimodifikasi	2	0	0	2
rogoh	2	0	0	2
ditenggelamkan	2	0	2	4
maybe	2	1	0	3
dm	2	0	0	2
mendiskreditkan	2	0	0	2
lulur	2	0	0	2
oz	2	0	0	2
masakan-masakan	2	0	0	2
keasinan	2	0	0	2
karangan	2	0	0	2
petahana	2	0	0	2
smoothie	2	0	0	2
smirnoff	2	0	0	2
pe	2	0	0	2
perkeretaapian	2	1	0	3
disekeliling	2	0	0	2
koleksi-koleksi	2	0	0	2
pb	2	0	0	2
mengapresiasi	2	0	0	2
rumor	2	0	0	2
keahlian	2	0	0	2
tar	2	0	0	2
rumit	2	0	1	3
mebel	2	1	0	3
moreless	2	0	0	2
jahiliah	2	0	0	2
mempercayakan	2	0	0	2
lirik	2	0	2	4
muslihat	2	0	0	2
dilempar-lempar	2	0	0	2
subianto	2	1	0	3
linda	2	0	0	2
lipat	2	0	0	2
diperbincangkan	2	0	0	2
jr	2	2	0	4
kriminalitas	2	0	0	2
salsa	2	0	0	2
ski	2	0	0	2
masukkan	2	1	1	4
ketawa-ketawa	2	0	0	2
berjam-berjam	2	0	0	2
smk	2	0	0	2
keterbatasan	2	0	0	2
liter	2	0	0	2
instagrammable	2	0	0	2
pergilah	2	1	0	3
dikriminalisasi	2	0	0	2
sudahkah	2	0	0	2
sumedang	2	0	0	2
melaksanakan	2	0	0	2
sumantri	2	0	0	2
bersosialisasi	2	0	0	2
sukiyaki	2	0	0	2
hermanto	2	0	0	2
perdinas	2	0	0	2
sambangi	2	0	0	2
performa	2	0	2	4
sis	2	0	0	2
ska	2	0	0	2
sandiuno	2	1	0	3
3d	2	0	0	2
limit	2	1	3	6
nafas	2	1	0	3
tangga-tangga	2	0	0	2
smp	2	1	0	3
musholla	2	0	0	2
muhammak	2	0	0	2
perkakas	2	0	0	2
31	2	2	1	5
vio	2	0	0	2
sp3	2	0	0	2
spagetti	2	0	0	2
musin	2	0	0	2
instansi	2	0	0	2
sampo	2	0	0	2
spt	2	0	0	2
melihat-lihat	2	0	0	2
spagehti	2	0	0	2
perporsi	2	1	0	3
membandingkan	2	2	0	4
std	2	0	0	2
samad	2	0	0	2
ditindaklanjuti	2	0	0	2
37	2	0	0	2
ro	2	0	0	2
sanga	2	0	0	2
periplus	2	0	0	2
mengalun	2	0	0	2
sauna	2	0	0	2
individu	2	0	0	2
panah	2	0	0	2
stategis	2	1	0	3
sarat	2	1	0	3
local	2	0	1	3
sni	2	0	0	2
perjalan	2	0	1	3
lodeh	2	0	0	2
sor	2	0	0	2
santa	2	0	0	2
rk	2	0	1	3
pudar	2	0	0	2
mengembangkan	2	0	0	2
pinggang	2	0	0	2
kemajuan	2	1	1	4
menjabat	2	0	0	2
maharani	2	0	0	2
malon	2	0	0	2
maung	2	0	0	2
sentuhan	2	1	0	3
rebut	2	1	0	3
tpt	2	0	0	2
yah	2	0	0	2
mixed	2	0	0	2
ms	2	0	0	2
lantaran	2	0	0	2
mamah	2	1	0	3
mg	2	1	1	4
fz	2	0	0	2
sembunyi	2	1	0	3
machiato	2	0	0	2
macarons	2	0	0	2
qatar	2	0	0	2
rencana-rencana	2	0	0	2
menjamin	2	0	1	3
terus-terusan	2	2	0	4
mochi	2	0	0	2
sepulang	2	0	0	2
rejim	2	0	0	2
zoo	2	0	0	2
penne	2	0	0	2
maitreya	2	0	0	2
maksi	2	0	0	2
menuruni	2	0	0	2
piece	2	0	0	2
sepasang	2	1	0	3
nangis-nangis	2	0	0	2
malan	2	0	0	2
mn	2	0	0	2
negara-negara	2	0	0	2
berksempatan	2	0	0	2
songong-songong	2	0	0	2
lavender	2	0	0	2
penyelenggara	2	1	0	3
lumayaan	2	0	0	2
rakus	2	0	0	2
quran	2	0	0	2
raket	2	0	0	2
linglung	2	0	0	2
mengkaji	2	0	0	2
linimasa	2	0	0	2
gi	2	0	0	2
uas	2	0	0	2
lc	2	0	0	2
you	2	0	0	2
yin	2	0	0	2
berpartisipasi	2	0	0	2
miras	2	0	0	2
lowongan	2	0	0	2
mimpi	2	1	1	4
range	2	0	0	2
mengulek	2	0	0	2
berhari-hari	2	0	0	2
protokol	2	0	0	2
selidiki	2	0	0	2
rawan	2	1	0	3
selembar	2	0	0	2
macaroni	2	0	0	2
sekuriti	2	0	0	2
lv	2	0	0	2
lumboenk	2	0	0	2
misuh	2	0	0	2
properti	2	0	0	2
pesat	2	0	0	2
piano	2	0	0	2
beraktivitas	2	0	0	2
lepaskan	2	0	0	2
propinsi	2	1	0	3
prosedur	2	0	0	2
pemda	2	0	0	2
makanana	2	0	0	2
patah	2	0	0	2
mayat	2	1	0	3
meranggi	2	0	0	2
sapulidi	2	0	0	2
punch	2	0	0	2
mensobsession	2	0	0	2
risih	2	0	0	2
kentucky	2	0	0	2
kepagian	2	0	0	2
puree	2	0	0	2
anjing-anjing	2	2	0	4
risau	2	0	0	2
mentang-mentang	2	0	0	2
puspa	2	1	0	3
menyelesaikan	2	0	0	2
pijat	2	0	1	3
mabro	2	0	0	2
seukuran	2	0	0	2
dikelilingin	2	0	0	2
mensejahterakan	2	0	1	3
luyuk	2	0	0	2
kembaran	2	0	0	2
riziq	2	0	0	2
mengencangkan	2	0	0	2
muara	2	0	0	2
mengatasnamakan	2	0	0	2
mengecek	2	0	0	2
menggabungkan	2	0	0	2
merespon	2	0	0	2
bantal-bantal	2	0	0	2
rizik	2	0	0	2
tik	2	0	0	2
peang	2	0	0	2
showroom	2	0	0	2
menjengkelkan	2	0	1	3
lutut	2	0	0	2
merantau	2	0	0	2
02	2	0	0	2
setumpuk	2	0	0	2
penyelewengan	2	0	0	2
sertakan	2	0	0	2
menyiksa	2	1	1	4
bertentangan	2	0	0	2
reset	2	0	0	2
mojok	2	0	0	2
bersiap-siap	2	0	0	2
seriusan	2	0	0	2
rekomendasilah	2	0	0	2
en	2	0	0	2
nitip	2	0	0	2
terus-menerus	2	0	0	2
makaroni	2	0	0	2
menyerbu	2	0	0	2
bersandiwara	2	0	0	2
monyet-monyet	2	0	0	2
komedian	2	0	0	2
bitterballen	2	2	0	4
molen	2	0	0	2
ngumpul-ngumpul	2	0	0	2
tmp	2	0	0	2
difasilitasi	2	0	0	2
manakala	2	0	0	2
diantisipasi	2	0	0	2
malaikat	2	0	1	3
kesatuan	2	0	0	2
money	2	0	0	2
poligami	2	0	0	2
mereka-mereka	2	0	0	2
sesalkan	2	0	0	2
kesenian	2	0	0	2
menyisir	2	0	0	2
putin	2	0	0	2
ketengan	2	0	0	2
cheeseburger	2	2	0	4
rewel	2	0	0	2
harapkan	2	0	1	3
seasonal	2	0	0	2
perampok	2	1	0	3
xo	2	1	0	3
merealisasikan	2	0	0	2
terpilih	2	3	0	5
yu	2	1	0	3
nggak	2	1	0	3
ppn	2	0	0	2
69	2	0	0	2
ditandai	2	0	0	2
prd	2	0	0	2
melar	2	0	1	3
skill	2	0	1	3
demonstrasi-demonstrasi	2	0	0	2
menawari	2	0	0	2
nyuss	2	0	0	2
laksa	2	1	0	3
rintik-rintik	2	0	0	2
password	2	0	0	2
padankan	2	0	0	2
pasopati	2	1	0	3
tersohor	2	1	0	3
pajangan	2	1	0	3
pkl	2	0	0	2
enggak-enggak	2	0	0	2
$	2	0	0	2
meminjam	2	0	0	2
nyang	2	0	0	2
sobat	2	0	1	3
pengangguran	2	0	0	2
nyari	2	0	0	2
tersiksa	2	0	0	2
pot	2	1	0	3
wni	2	0	0	2
disoraki	2	0	0	2
terserah	2	0	0	2
pembasmi	2	0	0	2
terpakai	2	0	0	2
tertebak	2	0	0	2
situs	2	0	1	3
goreng-goreng	2	1	0	3
ptn	2	0	0	2
64	2	0	0	2
wa	2	1	0	3
dressing	2	0	0	2
natalius	2	0	0	2
membesar	2	0	0	2
raa	2	0	0	2
terlepas	2	0	0	2
silam	2	0	1	3
menyinyirkan	2	0	0	2
sikat	2	1	0	3
egaliter	2	0	0	2
terlelap	2	0	0	2
ekslusif	2	0	0	2
ngeri	2	0	0	2
otomotif	2	0	0	2
obsessionews	2	0	0	2
sirop	2	0	0	2
68	2	0	0	2
lalui	2	0	0	2
termakan	2	0	0	2
diberitahukan	2	0	0	2
ditunjuk	2	0	0	2
rollingonthefloorlaughing	2	0	0	2
terlibat	2	0	0	2
pembenci	2	0	0	2
pajangan-pajangan	2	0	0	2
xi	2	0	0	2
diwakili	2	0	0	2
diyakini	2	0	0	2
membuang	2	0	0	2
psn	2	0	0	2
driver-driver	2	0	0	2
tertidur	2	0	0	2
membahas	2	0	0	2
tionghua	2	0	0	2
speed	2	0	0	2
wus	2	0	0	2
kucai	2	0	0	2
pelatnas	2	0	0	2
dipantau	2	0	0	2
diparkir	2	1	0	3
96	2	1	0	3
tolikara	2	0	0	2
pda	2	0	0	2
north	2	0	0	2
reflexiology	2	0	0	2
tropical	2	0	0	2
peg	2	0	0	2
direkomendasikanlah	2	0	0	2
notif	2	0	0	2
mencabut	2	0	0	2
dilempar	2	0	0	2
training	2	1	0	3
se-indonesia	2	0	0	2
paradise	2	0	0	2
::	2	0	0	2
menenggelamkan	2	0	0	2
noona	2	0	0	2
pai	2	0	0	2
trisakti	2	0	0	2
pejantan	2	0	0	2
spice	2	0	0	2
diminati	2	0	0	2
norek	2	0	0	2
mengantisipasi	2	0	0	2
sastranegara	2	0	0	2
dinamika	2	0	0	2
menabung	2	1	0	3
dilarang	2	1	0	3
pen	2	0	0	2
solat	2	0	0	2
panaskan	2	1	0	3
tewaskan	2	0	0	2
berkelok-berkelok	2	0	0	2
terwujud	2	0	1	3
php	2	0	0	2
pernik-pernik	2	0	0	2
88	2	1	0	3
niaga	2	2	1	5
kusam	2	0	0	2
dilapisi	2	0	0	2
kusir	2	0	0	2
persekitaran	2	0	0	2
persaudaraan	2	0	0	2
proyek-proyek	2	0	0	2
if	2	0	0	2
pil	2	0	0	2
xii	2	0	0	2
f	2	0	0	2
grinningsquintingface	2	0	0	2
kuman	2	0	0	2
tionghoa	2	0	0	2
dipresto	2	0	0	2
diprotes	2	0	0	2
pasalnya	2	0	0	2
pamerkan	2	0	0	2
dipukuli	2	0	0	2
dipungut	2	0	1	3
tidaklah	2	0	0	2
pgc	2	0	0	2
sorga	2	0	0	2
direktur	2	0	0	2
professional	2	0	1	3
kumis	2	0	0	2
diperbolehkan	2	1	0	3
dipertanyakan	2	0	0	2
terkirim	2	0	0	2
ekspresi	2	0	0	2
szechuan	2	0	0	2
bersih-bersih	2	0	0	2
4a	2	0	0	2
nekad	2	0	0	2
semut	2	1	0	3
tangisan	2	0	0	2
lemes	2	0	0	2
tuntutan	2	1	0	3
googling	2	0	0	2
melintas	2	1	0	3
semau	2	1	0	3
gratisan	2	2	1	5
melayang	2	0	0	2
press	2	0	0	2
semar	2	1	0	3
bintang-bintang	2	0	0	2
lelet	2	0	0	2
senam	2	0	3	5
go-clean	2	0	0	2
gemstone	2	0	0	2
berfoto-berfoto	2	0	0	2
sepoi	2	0	0	2
mengantarkan	2	0	1	3
4x	2	0	0	2
sedang-sedang	2	0	0	2
leher	2	0	0	2
mesir	2	1	0	3
sdm	2	0	0	2
tegaskan	2	0	0	2
sda	2	0	0	2
ti	2	0	0	2
mengabdi	2	0	0	2
sehari-sehari	2	0	0	2
tb	2	0	0	2
pisah	2	0	0	2
su	2	0	0	2
meluncur	2	1	0	3
selat	2	0	0	2
mementingkan	2	0	0	2
sodara-sodara	2	0	0	2
membicarakan	2	0	0	2
liang	2	0	0	2
suporter	2	0	0	2
membahayakan	2	0	0	2
korut	2	0	0	2
soekarnoputri	2	0	0	2
hahahihi	2	0	0	2
42	2	1	0	3
sundanis	2	0	0	2
hanyalah	2	0	1	3
sumpahin	2	0	0	2
national	2	0	0	2
melampiaskan	2	0	0	2
s2	2	0	1	3
ser	2	0	0	2
memprovokasi	2	0	0	2
mencerdaskan	2	0	0	2
napsu	2	0	0	2
rempeyek	2	0	0	2
mendaftarkan	2	0	0	2
sepengetahuan	2	0	0	2
menceritakan	2	0	0	2
penyabar	2	0	0	2
mengaduk	2	1	0	3
pahri	2	0	0	2
seksi	2	0	0	2
ss	2	0	0	2
43	2	1	0	3
swimming	2	0	0	2
penyedap	2	0	0	2
ch	2	0	0	2
terkecoh	2	0	0	2
san	2	0	0	2
serat	2	0	0	2
tempered	2	0	0	2
grimacingface	2	0	0	2
mempersilahkan	2	1	0	3
terinput	2	0	0	2
meses	2	0	0	2
ngaco	2	0	0	2
terendam	2	0	0	2
fakultas	2	0	0	2
farewell	2	0	0	2
rio	2	0	1	3
favorite	2	0	0	2
nyungsep	2	0	0	2
58	2	0	0	2
laser	2	0	0	2
favourit	2	1	0	3
nyanyian	2	0	0	2
mengundurkan	2	0	0	2
mengusahakan	2	0	0	2
pengacau	2	1	0	3
perindustrian	2	0	0	2
bc	2	0	0	2
mesan	2	0	1	3
menembak	2	0	0	2
mempertanyakan	2	1	0	3
enrekang	2	0	0	2
menyayangkan	2	0	0	2
mengutamakan	2	0	0	2
operator	2	0	0	2
ur	2	1	0	3
shope	2	0	4	6
bersantai-santai	2	0	0	2
un	2	2	0	4
european	2	0	0	2
evaluasi	2	0	1	3
roa	2	0	0	2
festlink	2	0	0	2
terdepan	2	0	0	2
nyambung	2	0	0	2
lebak	2	0	0	2
pengatur	2	0	0	2
mengharuskan	2	0	0	2
porno	2	0	0	2
lebat	2	0	0	2
sadarlah	2	0	0	2
ngurusin	2	1	2	5
tenggara	2	0	0	2
tendensi	2	0	0	2
99	2	0	0	2
serem	2	0	1	3
bq	2	0	0	2
oseng	2	0	0	2
menghalalkan	2	0	0	2
sah	2	1	0	3
formulir	2	0	0	2
setop	2	0	0	2
setra	2	0	0	2
jarang-jarang	2	0	0	2
pengaman	2	0	0	2
latih	2	0	0	2
rrc	2	0	0	2
nontonin	2	0	1	3
55	2	0	1	3
penganut	2	0	0	2
pad	2	0	0	2
organ	2	0	0	2
laugh	2	0	0	2
ngaca	2	1	0	3
web	2	0	1	3
follower	2	0	0	2
lebah	2	1	0	3
ungu	1	1	0	2
smanto	1	0	0	1
smakin	1	0	0	1
mujair	1	0	0	1
umun	1	1	0	2
ukir	1	0	0	1
sirnas	1	0	0	1
sistah	1	0	0	1
ulek	1	0	0	1
sister	1	0	0	1
sirine	1	0	0	1
h3	1	0	0	1
ulir	1	0	0	1
sistim	1	0	1	2
mukena	1	0	0	1
muhrim	1	0	0	1
sistur	1	0	0	1
skewer	1	0	0	1
gl	1	0	0	1
umar	1	0	0	1
umkm	1	1	0	2
skippy	1	0	0	1
hk	1	0	0	1
owi	1	0	0	1
musang	1	0	0	1
unoo	1	0	0	1
setipe	1	0	0	1
setann	1	0	0	1
bk	1	0	0	1
mycare	1	0	0	1
wqwq	1	0	0	1
setgab	1	0	0	1
bp	1	0	0	1
wotu	1	0	0	1
work	1	1	0	2
setiba	1	0	0	1
woow	1	1	0	2
mutual	1	0	0	1
woew	1	0	0	1
setnov	1	0	0	1
sinjai	1	0	0	1
wkwk	1	0	1	2
cd	1	0	1	2
setuan	1	0	0	1
ce	1	0	0	1
muteer	1	0	0	1
wiro	1	0	0	1
seupan	1	0	0	1
mutasi	1	0	1	2
musola	1	0	0	1
ci	1	0	0	1
sewing	1	0	0	1
musisi	1	0	0	1
wrap	1	0	0	1
wuuu	1	0	0	1
myself	1	0	0	1
b1	1	0	0	1
zama	1	0	0	1
yupi	1	0	0	1
nagrek	1	0	0	1
yung	1	0	0	1
sesali	1	0	0	1
york	1	0	0	1
yogi	1	0	0	1
a6	1	0	1	2
year	1	0	0	1
ab	1	0	0	1
yeah	1	0	0	1
yati	1	0	0	1
ad	1	0	0	1
aj	1	0	0	1
nafiah	1	0	0	1
nadiem	1	0	0	1
yami	1	0	0	1
yamg	1	1	0	2
yaam	1	0	0	1
yaak	1	0	0	1
sesame	1	0	0	1
am	1	0	2	3
ar	1	0	0	1
xvii	1	0	0	1
sesuah	1	0	0	1
shalom	1	0	0	1
shandy	1	1	0	2
shazam	1	0	0	1
wajo	1	0	0	1
vlog	1	0	0	1
ee	1	0	0	1
ef	1	0	0	1
signed	1	0	0	1
silang	1	0	0	1
munkar	1	0	0	1
viet	1	0	0	1
f1	1	0	1	2
fa	1	0	0	1
veiw	1	0	0	1
fb	1	0	0	1
ft	1	0	0	1
vega	1	0	0	1
veal	1	0	0	1
uwuh	1	0	0	1
simpan	1	0	0	1
ga	1	0	0	1
ge	1	0	0	1
usul	1	0	0	1
gh	1	0	0	1
simpul	1	0	0	1
sindur	1	0	0	1
user	1	0	0	1
urap	1	0	0	1
upay	1	0	0	1
waah	1	0	0	1
e2	1	0	0	1
shihab	1	2	0	3
wall	1	0	0	1
shinny	1	0	0	1
wiki	1	0	0	1
sholeh	1	0	0	1
wife	1	0	0	1
wida	1	0	0	1
uhuu	1	0	0	1
da	1	0	0	1
wich	1	0	0	1
should	1	0	0	1
when	1	0	1	2
shower	1	0	0	1
siakan	1	0	0	1
dd	1	0	0	1
west	1	0	0	1
week	1	0	0	1
weah	1	0	0	1
waze	1	1	0	2
dn	1	0	0	1
ways	1	0	0	1
wars	1	0	0	1
waow	1	0	0	1
murmer	1	0	0	1
dy	1	0	0	1
mupeng	1	0	0	1
wang	1	0	0	1
hn	1	0	0	1
mv	1	1	0	2
udud	1	0	0	1
t4	1	0	0	1
semu	1	0	0	1
teaser	1	0	0	1
send	1	0	0	1
tawang	1	0	0	1
sx	1	0	0	1
merugi	1	1	0	2
sert	1	0	0	1
sesi	1	0	0	1
taurat	1	0	0	1
taupig	1	0	0	1
seta	1	0	0	1
sn	1	0	0	1
shit	1	0	0	1
sc	1	0	0	1
sa	1	0	0	1
tarkam	1	0	0	1
taring	1	0	0	1
teater	1	0	0	1
teknik	1	0	0	1
stik	1	0	0	1
tf	1	0	1	2
sams	1	1	0	2
sapa	1	2	0	3
tr	1	0	0	1
tq	1	0	0	1
sati	1	0	0	1
sawi	1	1	0	2
merayu	1	0	0	1
says	1	0	0	1
sayu	1	0	0	1
tp	1	1	0	2
scot	1	0	0	1
tl	1	1	0	2
sebi	1	0	0	1
tj	1	0	0	1
telalu	1	0	0	1
tektek	1	0	0	1
sego	1	0	0	1
meunah	1	0	0	1
tantri	1	0	0	1
sich	1	0	0	1
tanker	1	0	0	1
taipan	1	1	0	2
tahlil	1	0	0	1
mexico	1	0	0	1
mickey	1	0	0	1
tabrak	1	0	0	1
sour	1	0	0	1
tablet	1	0	0	1
spam	1	0	0	1
syukur	1	0	0	1
spek	1	0	1	2
syriah	1	0	0	1
rf	1	0	0	1
spjg	1	0	0	1
syetan	1	0	0	1
sreg	1	1	0	2
st12	1	0	0	1
stag	1	0	0	1
some	1	0	0	1
rl	1	0	0	1
takdir	1	1	1	3
skak	1	0	0	1
rw	1	0	0	1
sing	1	1	0	2
sist	1	0	0	1
meurut	1	0	0	1
tamusu	1	0	0	1
siul	1	0	0	1
tampat	1	0	0	1
mevvah	1	0	0	1
soes	1	0	0	1
slip	1	0	0	1
tamago	1	0	0	1
slot	1	0	1	2
taklim	1	0	0	1
smua	1	1	0	2
snow	1	0	0	1
mewine	1	0	0	1
ts	1	0	0	1
sami	1	0	0	1
uh	1	0	0	1
terapi	1	0	0	1
terpal	1	0	0	1
menaja	1	0	0	1
rida	1	0	0	1
termos	1	0	0	1
menara	1	1	1	3
rifa	1	0	0	1
rima	1	0	0	1
rini	1	0	0	1
risi	1	0	0	1
risk	1	0	0	1
)	1	2	0	3
terigu	1	0	0	1
mendem	1	0	0	1
rmah	1	0	0	1
mendes	1	0	0	1
mendua	1	0	0	1
romo	1	0	0	1
terror	1	0	0	1
k	1	0	0	1
teruji	1	0	0	1
though	1	0	0	1
memper	1	0	0	1
reee	1	0	0	1
mempir	1	0	0	1
tilang	1	0	0	1
q	1	0	0	1
remi	1	0	0	1
thread	1	0	0	1
themed	1	0	0	1
n	1	1	0	2
riak	1	0	0	1
rian	1	0	0	1
rias	1	0	0	1
teslah	1	0	0	1
memuja	1	0	0	1
o	1	0	0	1
terung	1	0	0	1
(	1	2	0	3
rope	1	0	0	1
uk	1	0	0	1
terame	1	0	0	1
saba	1	0	0	1
vr	1	0	0	1
menuai	1	0	0	1
tenaan	1	0	0	1
temuan	1	0	0	1
v9	1	0	0	1
menuji	1	0	0	1
v7	1	0	1	2
menyan	1	0	0	1
sait	1	0	0	1
tempet	1	0	0	1
saiz	1	0	0	1
meprul	1	0	0	1
ul	1	0	0	1
meraja	1	0	0	1
meraka	1	0	0	1
salt	1	0	0	1
wd	1	0	0	1
tenant	1	0	0	1
saan	1	0	0	1
menkeu	1	0	1	2
yv	1	0	0	1
roxy	1	0	0	1
teppan	1	1	0	2
rp44	1	0	0	1
tepian	1	1	0	2
menhub	1	0	0	1
rp55	1	0	0	1
yh	1	0	0	1
wr	1	0	0	1
tengku	1	1	0	2
tengik	1	0	0	1
rskn	1	0	0	1
ruam	1	0	0	1
rudy	1	0	0	1
mensen	1	0	0	1
wx	1	0	0	1
rc	1	0	0	1
pr	1	0	0	1
mualaf	1	0	0	1
monday	1	0	0	1
stopan	1	0	0	1
stikom	1	0	0	1
tivi	1	0	0	1
tivu	1	0	0	1
moreno	1	0	0	1
tmpt	1	0	0	1
stigma	1	0	0	1
ks	1	0	0	1
ki	1	0	0	1
toba	1	0	1	2
kh	1	3	0	4
sticky	1	0	0	1
sticks	1	0	0	1
toha	1	0	0	1
stelah	1	0	0	1
stayed	1	0	0	1
motret	1	0	0	1
strata	1	0	0	1
moncer	1	0	0	1
swieke	1	0	0	1
tiko	1	2	0	3
thin	1	0	0	1
mh	1	0	0	1
tiam	1	2	0	3
mojang	1	0	0	1
suapan	1	0	0	1
md	1	0	0	1
mokkan	1	0	0	1
ma	1	0	0	1
lp	1	1	0	2
ln	1	0	0	1
struck	1	0	0	1
ll	1	0	0	1
monadi	1	0	0	1
lh	1	1	0	2
stroke	1	0	0	1
tiau	1	0	0	1
tiki	1	0	1	2
kd	1	0	0	1
told	1	0	0	1
kc	1	0	0	1
tori	1	0	0	1
soleha	1	0	0	1
soetta	1	0	0	1
soenda	1	0	0	1
tura	1	0	0	1
ubah	1	0	0	1
ubar	1	0	0	1
ubud	1	0	0	1
ucup	1	0	0	1
soboro	1	0	0	1
sniper	1	0	0	1
snacks	1	0	0	1
snacka	1	0	0	1
smtown	1	0	0	1
udik	1	1	0	2
smooth	1	0	0	1
udin	1	0	0	1
ib	1	1	0	2
tune	1	0	0	1
somasi	1	0	0	1
tuju	1	0	0	1
tree	1	0	0	1
tots	1	0	0	1
squash	1	0	0	1
towe	1	0	0	1
sports	1	0	0	1
spirit	1	0	0	1
speedy	1	0	0	1
toya	1	0	0	1
ji	1	0	0	1
il	1	0	0	1
tris	1	0	0	1
sorban	1	0	0	1
truk	1	2	0	3
movies	1	0	0	1
tsbt	1	0	0	1
iv	1	0	0	1
iq	1	0	0	1
mj	1	0	0	1
ml	1	0	0	1
subjek	1	0	0	1
tame	1	0	0	1
suos	1	0	0	1
supp	1	0	0	1
op	1	0	0	1
supper	1	0	0	1
sura	1	0	1	2
suntuk	1	0	0	1
oo	1	0	0	1
suri	1	0	0	1
suru	1	0	0	1
sunguh	1	0	0	1
syal	1	0	0	1
syam	1	0	0	1
miskal	1	0	0	1
sundul	1	0	0	1
syok	1	0	0	1
sunday	1	0	1	2
sundal	1	0	0	1
mirasa	1	0	0	1
mining	1	0	0	1
suriah	1	0	0	1
pg	1	0	0	1
sweety	1	0	0	1
swasta	1	0	0	1
suzuki	1	0	0	1
pi	1	0	1	2
stmj	1	0	0	1
sutono	1	0	0	1
sutami	1	0	0	1
suspek	1	0	0	1
surimi	1	0	0	1
milyar	1	0	0	1
p2	1	0	0	1
sushie	1	0	0	1
surpey	1	0	0	1
surpay	1	0	0	1
oy	1	0	0	1
suer	1	0	0	1
taat	1	0	0	1
sunbae	1	1	0	2
submit	1	0	0	1
sunami	1	0	0	1
tejo	1	0	0	1
suling	1	0	0	1
teko	1	0	0	1
sulbar	1	0	0	1
teks	1	0	0	1
teus	1	0	0	1
sujiwo	1	0	0	1
mo	1	0	0	1
sujana	1	0	0	1
suiran	1	1	0	2
tggi	1	0	0	1
suhari	1	0	0	1
moccha	1	0	0	1
sudiut	1	0	0	1
thdp	1	0	0	1
thea	1	0	0	1
them	1	0	0	1
team	1	0	0	1
teak	1	0	0	1
mlarat	1	0	0	1
nh	1	0	0	1
miskam	1	0	0	1
tani	1	0	0	1
sumpek	1	0	0	1
ny	1	0	0	1
np	1	0	0	1
tapa	1	0	0	1
summit	1	0	0	1
tara	1	0	0	1
nb	1	0	0	1
ng	1	0	0	1
tart	1	0	0	1
mixing	1	0	0	1
taru	1	1	0	2
tase	1	0	0	1
tato	1	0	0	1
nd	1	0	0	1
zero	1	0	1	2
49k	1	0	0	1
:/	1	0	0	1
puting	1	0	0	1
ian	1	0	0	1
iba	1	0	0	1
sos	1	0	0	1
palung	1	0	0	1
ida	1	0	0	1
soo	1	0	0	1
rahmah	1	0	0	1
rahmad	1	0	0	1
pandji	1	0	0	1
smr	1	0	0	1
ragout	1	0	0	1
ied	1	0	0	1
radler	1	0	0	1
rachim	1	0	0	1
rabbit	1	0	0	1
iii	1	1	0	2
iji	1	0	0	1
quadra	1	0	0	1
puyeng	1	0	0	1
huh	1	1	0	2
hub	1	0	0	1
ramsay	1	0	0	1
rantai	1	0	0	1
sur	1	0	0	1
pagawe	1	0	0	1
gyu	1	0	0	1
reboan	1	0	0	1
rantau	1	0	0	1
sui	1	0	0	1
rebo	1	0	1	2
paikut	1	0	0	1
ranjau	1	0	0	1
sp2	1	0	0	1
rangup	1	0	0	1
palace	1	0	0	1
palagi	1	0	0	1
hem	1	0	0	1
spv	1	0	0	1
rangin	1	0	0	1
spa	1	0	0	1
hos	1	0	0	1
ika	1	0	0	1
putera	1	0	0	1
parang	1	0	0	1
ily	1	0	0	1
jek	1	0	8	9
sio	1	0	0	1
sik	1	0	0	1
propam	1	0	0	1
prolog	1	0	0	1
sid	1	0	0	1
jil	1	0	0	1
projek	1	0	0	1
jin	1	0	0	1
job	1	0	2	3
priced	1	0	0	1
joe	1	0	0	1
pretty	1	0	0	1
premis	1	0	0	1
sek	1	0	0	1
joy	1	0	0	1
jpu	1	0	0	1
kav	1	0	0	1
kdg	1	0	0	1
jcc	1	0	0	1
jbr	1	0	0	1
jat	1	0	0	1
pangon	1	0	0	1
imo	1	0	0	1
punten	1	0	0	1
ing	1	0	0	1
pangku	1	0	0	1
iot	1	0	0	1
pujian	1	0	0	1
skd	1	0	0	1
ipa	1	0	0	1
ipc	1	0	0	1
jas	1	0	0	1
pangsa	1	0	0	1
ipk	1	0	0	1
ipx	1	0	0	1
psikis	1	0	0	1
psanan	1	0	0	1
prsden	1	0	0	1
panjat	1	1	0	2
jan	1	1	0	2
rebung	1	0	0	1
recipe	1	0	0	1
grm	1	0	0	1
grd	1	0	0	1
orupsi	1	0	0	1
tiu	1	0	0	1
dus	1	0	0	1
eca	1	0	0	1
tip	1	0	0	1
tio	1	0	0	1
edc	1	1	0	2
edi	1	0	0	1
others	1	0	0	1
riding	1	0	0	1
eee	1	0	0	1
otista	1	0	0	1
riasan	1	0	0	1
egg	1	1	0	2
oudoor	1	0	0	1
eja	1	0	0	1
eko	1	0	0	1
ema	1	0	0	1
epi	1	0	0	1
tix	1	0	0	1
rindui	1	0	0	1
origin	1	0	0	1
dpw	1	0	0	1
dpk	1	0	0	1
riziek	1	0	0	1
ompong	1	0	0	1
tok	1	0	0	1
riweuh	1	0	0	1
tob	1	0	0	1
risols	1	0	0	1
dpo	1	0	0	1
tka	1	0	0	1
due	1	0	0	1
onside	1	0	0	1
risiko	1	0	0	1
drs	1	0	0	1
dry	1	0	0	1
dsk	1	0	0	1
dsn	1	0	0	1
option	1	0	0	1
orient	1	0	0	1
reunii	1	0	0	1
eps	1	0	0	1
eqt	1	0	0	1
tag	1	0	0	1
renata	1	0	0	1
fos	1	0	0	1
remisi	1	0	0	1
tap	1	0	0	1
fyi	1	1	0	2
gam	1	1	0	2
tah	1	0	0	1
gan	1	0	0	1
gel	1	0	0	1
tb2	1	0	0	1
gem	1	0	0	1
gen	1	0	0	1
get	1	0	0	1
gih	1	0	0	1
padati	1	0	0	1
tad	1	0	0	1
t3u	1	0	0	1
reffil	1	0	0	1
padama	1	0	0	1
rencah	1	0	0	1
return	1	0	0	1
resist	1	0	0	1
erf	1	0	0	1
esa	1	0	0	1
eta	1	0	0	1
exp	1	0	0	1
f1s	1	0	0	1
fam	1	0	0	1
outing	1	0	0	1
tii	1	0	0	1
repeat	1	0	0	1
oxtale	1	0	0	1
thr	1	1	0	2
tel	1	0	0	1
fax	1	0	0	1
overal	1	0	0	1
tdi	1	0	0	1
tdd	1	0	0	1
rentah	1	0	0	1
fla	1	0	0	1
papper	1	0	0	1
parcel	1	0	0	1
dor	1	0	0	1
mys	1	0	0	1
pla	1	0	0	1
phisik	1	0	0	1
pezina	1	0	0	1
pir	1	0	0	1
mnj	1	0	0	1
pencet	1	1	0	2
pik	1	0	0	1
mnm	1	0	0	1
peyeum	1	0	0	1
mpp	1	0	0	1
mpr	1	0	0	1
msa	1	0	0	1
mtk	1	0	0	1
peyang	1	0	0	1
petruk	1	1	0	2
mud	1	0	0	1
pho	1	0	0	1
mug	1	0	0	1
mun	1	0	0	1
mjd	1	0	0	1
png	1	0	0	1
mir	1	0	0	1
meo	1	0	0	1
pillih	1	0	0	1
pre	1	0	0	1
may	1	0	0	1
maz	1	0	0	1
mci	1	0	0	1
mck	1	0	0	1
med	1	0	0	1
pra	1	0	0	1
mer	1	0	0	1
pns	1	1	0	2
picnic	1	0	0	1
pickup	1	0	0	1
mi6	1	0	0	1
pow	1	0	0	1
photos	1	0	0	1
pemuka	1	0	0	1
pemula	1	0	0	1
mim	1	0	0	1
phh	1	0	0	1
phd	1	0	2	3
potati	1	0	0	1
pgi	1	0	0	1
oki	1	0	0	1
okt	1	0	0	1
oma	1	2	0	3
ong	1	0	0	1
pac	1	0	0	1
onn	1	0	0	1
ono	1	0	0	1
ooo	1	0	0	1
opa	1	0	0	1
opo	1	0	0	1
ops	1	0	0	1
ora	1	1	0	2
oye	1	0	0	1
permen	1	1	0	2
ori	1	0	1	2
ott	1	0	0	1
pergub	1	0	0	1
perjam	1	0	0	1
oun	1	0	0	1
oka	1	0	0	1
pam	1	0	0	1
persia	1	0	0	1
nua	1	0	0	1
nas	1	0	0	1
pet	1	0	0	1
nhi	1	0	0	1
nns	1	0	0	1
pem	1	0	0	1
pek	1	0	0	1
no1	1	0	0	1
person	1	0	0	1
nuh	1	0	0	1
oia	1	0	0	1
pco	1	0	0	1
obi	1	0	0	1
pay	1	0	0	1
pax	1	1	0	2
oce	1	0	0	1
per-ac	1	0	0	1
ofc	1	0	0	1
oge	1	0	0	1
pri	1	0	0	1
prt	1	0	0	1
pillow	1	0	0	1
max	1	1	1	3
sak	1	0	0	1
pokokk	1	1	0	2
kq5	1	0	0	1
pmbtln	1	0	0	1
krc	1	0	0	1
parung	1	0	0	1
pmbngn	1	0	0	1
s25	1	0	0	1
kru	1	0	0	1
pasara	1	0	0	1
ksn	1	0	0	1
kta	1	0	0	1
s14	1	0	0	1
ktm	1	0	0	1
ktr	1	0	0	1
places	1	0	0	1
s-s	1	0	0	1
pitoch	1	0	0	1
pitara	1	0	0	1
sao	1	0	0	1
kog	1	0	0	1
kmp	1	0	0	1
kid	1	0	0	1
kem	1	0	0	1
poster	1	1	1	3
kes	1	0	0	1
pardon	1	0	0	1
portal	1	0	0	1
popbar	1	0	0	1
ponsel	1	0	1	2
kgb	1	0	0	1
kip	1	0	0	1
kmi	1	0	0	1
kit	1	0	0	1
kjp	1	0	0	1
sdl	1	0	0	1
polsek	1	0	0	1
polres	1	0	0	1
polong	1	0	0	1
kkn	1	0	0	1
polman	1	0	0	1
ruf	1	0	2	3
piston	1	0	0	1
ktt	1	0	0	1
pts	1	0	0	1
pirang	1	0	0	1
lrt	1	0	0	1
rel	1	0	0	1
pionir	1	0	0	1
ram	1	1	1	3
luk	1	0	0	1
pul	1	0	0	1
pegawe	1	0	0	1
pinjam	1	2	0	3
lpi	1	0	0	1
pinisi	1	0	0	1
m-m	1	0	0	1
pelaya	1	0	0	1
ps5	1	0	0	1
ps4	1	0	0	1
mar	1	0	0	1
pemicu	1	0	0	1
pinang	1	0	0	1
lpm	1	0	0	1
pedopo	1	0	0	1
kur	1	0	0	1
pisaan	1	0	0	1
rok	1	0	0	1
roh	1	0	0	1
pistol	1	0	0	1
riw	1	0	0	1
paspor	1	0	1	2
lie	1	0	0	1
lim	1	0	0	1
passed	1	0	0	1
pastel	1	0	0	1
patwal	1	0	0	1
lkp	1	0	0	1
lks	1	0	0	1
rim	1	0	0	1
patron	1	0	0	1
lom	1	0	0	1
lop	1	0	0	1
pirimg	1	0	0	1
patuha	1	0	0	1
dot	1	0	1	2
dok	1	0	0	1
zink	1	0	0	1
ngidul	1	0	0	1
480	1	0	0	1
499	1	0	0	1
our	1	0	0	1
ngecas	1	0	0	1
512	1	0	0	1
543	1	0	0	1
590	1	0	0	1
600	1	0	0	1
60k	1	1	0	2
sejuak	1	0	0	1
64k	1	0	0	1
65k	1	0	0	1
seizin	1	0	0	1
09	1	0	0	1
07	1	0	0	1
ngepet	1	0	0	1
675	1	0	0	1
ngerti	1	0	1	2
sehina	1	0	0	1
47k	1	0	0	1
sektor	1	0	0	1
441	1	0	0	1
313	1	0	0	1
ndolan	1	0	0	1
39	1	0	0	1
2nd	1	0	0	1
2pm	1	0	0	1
3.8	1	0	0	1
negera	1	0	0	1
38	1	1	0	2
307	1	0	0	1
2i	1	0	0	1
4.5	1	0	0	1
350	1	0	1	2
ngakak	1	0	0	1
ngalau	1	0	0	1
363	1	0	0	1
380	1	0	0	1
ngalor	1	0	0	1
sekuel	1	0	0	1
1a	1	0	0	1
ngetop	1	0	0	1
segood	1	0	0	1
acl	1	0	0	1
segmen	1	0	0	1
920	1	0	1	2
sedari	1	1	0	2
925	1	0	0	1
936	1	0	0	1
958	1	0	0	1
secret	1	0	0	1
968	1	0	0	1
yup	1	0	0	1
secang	1	0	0	1
nigiri	1	0	0	1
aas	1	0	0	1
nikmar	1	0	0	1
sebong	1	0	0	1
abg	1	1	0	2
sebiji	1	0	0	1
sebeye	1	0	0	1
yue	1	0	0	1
acc	1	0	0	1
sebenr	1	0	0	1
nguasu	1	0	0	1
yys	1	0	0	1
900	1	0	0	1
sefood	1	0	0	1
70k	1	0	0	1
750	1	0	0	1
75k	1	0	0	1
775	1	0	0	1
808	1	0	0	1
818	1	0	0	1
ngirim	1	0	0	1
835	1	0	0	1
zup	1	0	0	1
9.5	1	0	0	1
85k	1	0	0	1
88k	1	0	0	1
sediri	1	0	0	1
ngomel	1	0	0	1
9,8	1	0	0	1
sedepp	1	0	0	1
zoe	1	0	0	1
zan	1	0	0	1
2hr	1	0	0	1
28k	1	0	0	1
289	1	0	0	1
nayaka	1	0	0	1
73	1	0	0	1
115	1	0	0	1
117	1	0	0	1
123	1	0	0	1
6x	1	0	0	1
nambah	1	0	0	1
12k	1	0	0	1
sepsis	1	0	0	1
seperi	1	0	0	1
130	1	0	0	1
131	1	0	0	1
132	1	0	0	1
140	1	0	0	1
142	1	0	0	1
seoalh	1	0	0	1
148	1	0	0	1
nampol	1	0	0	1
namuns	1	0	0	1
nandai	1	0	0	1
82	1	0	0	1
86	1	0	0	1
110	1	0	0	1
0.5	1	0	0	1
97	1	1	0	2
zong	1	0	0	1
nahiya	1	0	0	1
. .	1	0	0	1
serive	1	0	0	1
93	1	0	0	1
0,2	1	0	0	1
92	1	0	0	1
001	1	0	0	1
10x	1	0	0	1
014	1	0	0	1
1,1	1	0	0	1
naipan	1	0	0	1
1.2	1	0	0	1
101	1	0	0	1
106	1	0	0	1
109	1	0	0	1
10k	1	0	0	1
sentul	1	0	0	1
154	1	0	0	1
155	1	0	0	1
246	1	0	0	1
211	1	0	0	1
44	1	0	0	1
215	1	0	0	1
220	1	0	0	1
22k	1	0	0	1
selian	1	0	0	1
naruto	1	0	0	1
243	1	0	0	1
nasgor	1	1	0	2
202	1	0	0	1
natali	1	0	0	1
268	1	0	0	1
270	1	0	0	1
natsir	1	0	0	1
286	1	0	0	1
3n	1	0	0	1
nature	1	0	0	1
selara	1	0	0	1
47	1	0	0	1
semkin	1	0	0	1
sentra	1	1	0	2
185	1	0	0	1
61	1	0	0	1
5x	1	0	0	1
57	1	0	1	2
senter	1	0	0	1
53	1	0	0	1
171	1	0	0	1
174	1	0	0	1
52	1	0	0	1
186	1	0	0	1
2,7	1	0	0	1
18k	1	0	0	1
narita	1	0	0	1
1in	1	0	0	1
4b	1	0	0	1
1st	1	0	0	1
1th	1	0	0	1
2,5	1	0	1	2
sempah	1	0	0	1
yra	1	0	0	1
add	1	0	0	1
rohmah	1	0	0	1
ceu	1	0	0	1
nyooss	1	0	0	1
uhm	1	0	0	1
caw	1	0	0	1
ugm	1	1	0	2
ucl	1	0	0	1
uan	1	0	0	1
cay	1	0	0	1
sajawa	1	0	0	1
obatan	1	0	0	1
saisan	1	0	0	1
saikhu	1	0	0	1
saiful	1	0	0	1
sahaja	1	0	0	1
safari	1	1	0	2
saekhu	1	0	0	1
u19	1	0	0	1
ocehan	1	0	0	1
u16	1	0	1	2
saddle	1	0	0	1
uih	1	0	0	1
ulu	1	0	0	1
sakura	1	0	0	1
bsi	1	0	0	1
bok	1	0	0	1
uta	1	0	0	1
ust	1	0	0	1
bro	1	0	0	1
use	1	0	0	1
salted	1	0	0	1
nyasar	1	0	0	1
brt	1	0	0	1
salman	1	0	0	1
salafy	1	0	0	1
usa	1	0	0	1
btn	1	0	0	1
ure	1	0	0	1
upi	1	0	0	1
buk	1	0	0	1
umi	1	1	0	2
bwa	1	0	0	1
nyoman	1	0	0	1
oerang	1	0	0	1
tyo	1	0	0	1
seasri	1	0	0	1
sadari	1	0	0	1
cto	1	0	0	1
cus	1	0	0	1
cwo	1	0	0	1
oldish	1	0	0	1
rumpin	1	0	0	1
dal	1	0	0	1
olesan	1	0	0	1
oliver	1	0	0	1
dap	1	0	0	1
rumbay	1	0	0	1
dek	1	0	0	1
olkers	1	0	0	1
rucola	1	0	0	1
roppan	1	0	0	1
toy	1	0	0	1
too	1	0	0	1
dit	1	0	0	1
diy	1	0	0	1
dmi	1	0	0	1
cth	1	0	0	1
csr	1	0	0	1
tpr	1	0	0	1
cok	1	0	0	1
oewoeh	1	0	0	1
tya	1	0	0	1
cfu	1	0	0	1
cip	1	0	0	1
cnc	1	0	0	1
sabung	1	0	0	1
cnn	1	0	0	1
twg	1	0	0	1
con	1	0	0	1
runway	1	0	0	1
ttu	1	0	0	1
cos	1	0	0	1
trx	1	0	0	1
tps	1	0	0	1
sabaar	1	0	0	1
cso	1	0	0	1
rusman	1	0	0	1
oldies	1	0	0	1
bnb	1	0	0	1
uud	1	0	1	2
bmi	1	0	0	1
uwi	1	0	0	1
app	1	1	0	2
nobita	1	0	0	1
sbener	1	0	0	1
noddle	1	0	0	1
sayura	1	0	0	1
ara	1	0	0	1
nomnom	1	0	0	1
x20	1	0	0	1
ark	1	0	0	1
arm	1	0	0	1
wtw	1	0	0	1
asn	1	1	0	2
ass	1	0	0	1
satgas	1	0	0	1
nongol	1	0	0	1
sarung	1	0	0	1
ata	1	0	0	1
wts	1	0	0	1
santri	1	1	0	2
xxi	1	0	1	2
xxl	1	0	0	1
aoo	1	0	0	1
aji	1	0	0	1
yai	1	0	0	1
adl	1	0	0	1
afa	1	0	0	1
afc	1	0	0	1
ah2	1	0	0	1
nindya	1	0	0	1
searti	1	0	0	1
seared	1	0	0	1
ajo	1	0	0	1
script	1	0	0	1
akh	1	0	0	1
nirina	1	0	0	1
njaluk	1	0	0	1
sealed	1	0	0	1
ali	1	0	0	1
sdikit	1	0	0	1
sdcard	1	0	0	1
anw	1	0	0	1
ats	1	0	0	1
wtf	1	0	0	1
won	1	0	0	1
bia	1	0	0	1
nurani	1	0	0	1
bel	1	0	0	1
wbs	1	0	0	1
ben	1	0	0	1
wae	1	0	0	1
sample	1	0	0	1
bff	1	0	0	1
bgd	1	0	0	1
vvv	1	0	0	1
bea	1	0	0	1
vpn	1	0	0	1
vbv	1	0	0	1
blu	1	0	0	1
v90	1	0	0	1
bmc	1	0	0	1
samcam	1	2	0	3
sambut	1	0	0	1
v60	1	0	0	1
wcd	1	0	0	1
bbc	1	0	0	1
atu	1	0	0	1
norsan	1	1	0	2
aul	1	0	0	1
santer	1	0	0	1
wok	1	0	0	1
awi	1	0	0	1
aya	1	0	0	1
wo2	1	0	0	1
wim	1	0	0	1
sanksi	1	0	0	1
bab	1	0	1	2
nugini	1	0	0	1
wih	1	0	0	1
nougat	1	0	0	1
bao	1	8	0	9
wig	1	0	0	1
wes	1	0	0	1
weh	1	0	0	1
wef	1	0	0	1
bat	1	0	0	1
korps	1	0	0	1
2.000	1	0	0	1
rcti	1	0	0	1
cilok	1	0	0	1
smile	1	0	0	1
flush	1	0	0	1
floor	1	0	0	1
flexi	1	0	0	1
sndri	1	0	0	1
sngat	1	0	0	1
sodom	1	0	0	1
sofar	1	0	0	1
sogan	1	0	0	1
firza	1	0	0	1
solar	1	0	0	1
finis	1	0	0	1
soleh	1	0	0	1
solid	1	0	0	1
filih	1	0	0	1
fikus	1	0	0	1
fiksi	1	0	0	1
somai	1	0	0	1
ferry	1	0	0	1
somay	1	2	0	3
fauzi	1	0	0	1
sorry	1	0	0	1
fasad	1	2	0	3
fancy	1	0	0	1
souce	1	0	0	1
focus	1	0	0	1
smash	1	0	0	1
slalu	1	0	0	1
silih	1	0	0	1
shirt	1	0	0	1
garin	1	0	0	1
shiwa	1	0	0	1
garem	1	0	0	1
shoyu	1	0	0	1
garap	1	0	0	1
shrus	1	0	0	1
sieun	1	0	0	1
sihar	1	0	0	1
siini	1	0	0	1
sikon	1	0	0	1
gahar	1	1	0	2
skate	1	0	0	1
silky	1	0	0	1
simak	1	0	0	1
sinde	1	0	0	1
gabut	1	0	0	1
gaada	1	0	0	1
fuzzy	1	0	0	1
fulus	1	0	0	1
fully	1	0	0	1
sinyi	1	0	0	1
sitta	1	0	0	1
skala	1	0	0	1
fakir	1	0	0	1
soups	1	0	0	1
sovia	1	0	0	1
sulap	1	1	0	2
entar	1	0	0	1
studi	1	0	0	1
enoki	1	1	0	2
study	1	0	0	1
suaka	1	0	0	1
enemy	1	0	0	1
subri	1	0	0	1
suede	1	0	0	1
suhsi	1	0	0	1
sujud	1	1	0	2
sukar	1	0	0	1
sunat	1	0	0	1
strip	1	0	0	1
supet	1	0	0	1
suryo	1	0	0	1
sussi	1	0	0	1
susul	1	0	0	1
susun	1	0	0	1
sutos	1	0	0	1
sutra	1	0	0	1
ejaan	1	0	0	1
suwun	1	0	0	1
edisi	1	1	0	2
syiah	1	0	0	1
epuas	1	0	0	1
stove	1	0	0	1
fahry	1	0	0	1
spurs	1	0	0	1
sowan	1	0	0	1
fahmi	1	0	0	1
spare	1	0	0	1
speks	1	0	0	1
spion	1	0	0	1
fadil	1	0	0	1
eyang	1	0	0	1
sprei	1	0	0	1
exist	1	0	0	1
eunak	1	0	0	1
etnik	1	0	0	1
sragm	1	0	0	1
escap	1	0	0	1
srgba	1	0	0	1
ssaya	1	1	0	2
ethes	1	0	0	1
stars	1	0	0	1
start	1	0	0	1
steel	1	0	0	1
still	1	1	0	2
stone	1	0	0	1
story	1	0	0	1
essen	1	0	0	1
eskan	1	0	0	1
shell	1	0	0	1
shayy	1	0	0	1
shame	1	0	0	1
salib	1	0	0	1
russo	1	0	0	1
rusuh	1	0	0	1
rusuk	1	0	0	1
ryder	1	0	0	1
gugel	1	0	0	1
gucci	1	0	0	1
safir	1	0	0	1
sagat	1	0	0	1
gubri	1	0	0	1
sakut	1	0	0	1
sales	1	0	3	4
salin	1	0	0	1
gusti	1	0	0	1
salon	1	1	0	2
samai	1	0	0	1
saman	1	0	0	1
great	1	0	0	1
sampe	1	0	0	1
sanak	1	0	0	1
sandy	1	0	1	2
grade	1	0	0	1
gowes	1	0	0	1
gotik	1	0	0	1
sanur	1	0	0	1
gurau	1	1	0	2
rspad	1	0	0	1
sarap	1	0	0	1
rivai	1	0	0	1
riang	1	0	0	1
ribka	1	0	0	1
hanks	1	0	0	1
hamud	1	0	0	1
ridho	1	0	1	2
hampa	1	0	0	1
rieke	1	0	0	1
right	1	0	0	1
rimba	1	1	0	2
haman	1	0	0	1
ritme	1	0	0	1
halim	1	0	0	1
guweh	1	0	0	1
halid	1	0	0	1
rizal	1	0	0	1
rizki	1	0	0	1
hajah	1	0	0	1
hahha	1	0	0	1
rizky	1	0	0	1
roman	1	0	0	1
rosti	1	0	0	1
rotan	1	1	0	2
rrang	1	0	0	1
guyur	1	0	0	1
saoce	1	0	0	1
gonta	1	0	0	1
shade	1	0	0	1
seret	1	0	0	1
getar	1	0	0	1
semir	1	0	0	1
senat	1	0	0	1
sensa	1	0	0	1
sense	1	0	0	1
sepda	1	0	0	1
sepuh	1	0	0	1
serai	1	0	0	1
serap	1	0	0	1
genta	1	0	0	1
serbi	1	0	0	1
serum	1	0	0	1
gibas	1	0	0	1
gemas	1	0	0	1
serve	1	0	0	1
seton	1	0	0	1
setor	1	0	0	1
sewah	1	0	0	1
gelam	1	0	0	1
geger	1	0	0	1
sgala	1	0	0	1
sgitu	1	0	0	1
shack	1	0	0	1
gatal	1	0	0	1
semak	1	0	0	1
gigih	1	0	0	1
sautu	1	0	0	1
sedan	1	0	0	1
saver	1	0	0	1
savoy	1	0	0	1
sawit	1	0	0	1
sayan	1	0	0	1
scene	1	0	0	1
score	1	0	0	1
sebal	1	0	0	1
sebel	1	1	1	3
secra	1	0	0	1
gobak	1	0	0	1
goang	1	0	0	1
seeds	1	0	0	1
gigit	1	0	0	1
seisi	1	0	0	1
gladi	1	0	0	1
giung	1	0	0	1
gitar	1	0	0	1
gills	1	0	0	1
sejut	1	0	0	1
gigle	1	0	0	1
sekan	1	0	0	1
sekat	1	0	0	1
seken	1	0	0	1
selam	1	0	0	1
edhie	1	0	0	1
tabir	1	0	0	1
dutch	1	0	0	1
usahd	1	0	0	1
umpan	1	0	0	1
umroh	1	0	0	1
unair	1	0	0	1
uncle	1	0	0	1
daddy	1	0	0	1
unduh	1	1	0	2
unreg	1	0	0	1
unutk	1	0	0	1
curup	1	0	0	1
unyil	1	0	0	1
urban	1	0	0	1
using	1	0	0	1
umbar	1	0	0	1
usmar	1	0	0	1
cupet	1	0	0	1
utmkn	1	0	0	1
utomo	1	0	0	1
culik	1	0	0	1
vakum	1	0	0	1
cukur	1	0	1	2
valet	1	1	0	2
cukip	1	0	0	1
valey	1	1	0	2
vanda	1	0	0	1
dafam	1	0	0	1
daily	1	0	0	1
crust	1	0	0	1
dannn	1	0	0	1
dayak	1	0	0	1
track	1	0	1	2
dawet	1	0	0	1
trdkt	1	0	0	1
darul	1	0	0	1
darma	1	0	0	1
treat	1	0	0	1
triad	1	1	0	2
dapet	1	0	1	2
trofi	1	0	0	1
troli	1	0	0	1
truly	1	0	0	1
umami	1	0	0	1
damri	1	0	0	1
trust	1	0	0	1
tuban	1	0	0	1
tuduh	1	0	0	1
tumor	1	0	0	1
turbo	1	0	0	1
daken	1	0	0	1
tuyul	1	0	0	1
twice	1	0	0	1
ujenk	1	0	0	1
dajal	1	0	0	1
vegen	1	0	0	1
crush	1	0	0	1
toxic	1	0	0	1
wkwkw	1	0	0	1
welle	1	0	0	1
wenny	1	0	0	1
cogfe	1	0	0	1
while	1	0	0	1
cofie	1	0	0	1
windy	1	0	0	1
wirid	1	0	0	1
wirya	1	0	0	1
wisma	1	0	0	1
coboy	1	0	0	1
wiwin	1	0	0	1
wohoo	1	0	0	1
wefie	1	0	0	1
woori	1	0	0	1
worst	1	0	0	1
would	1	0	0	1
claus	1	0	0	1
wowok	1	0	0	1
wulan	1	0	0	1
wusss	1	0	0	1
xilem	1	0	0	1
civil	1	0	0	1
xiomi	1	0	0	1
yaahh	1	0	0	1
welas	1	0	0	1
wawli	1	0	0	1
cruel	1	0	0	1
visum	1	0	0	1
cross	1	0	0	1
crime	1	0	0	1
veget	1	0	0	1
crane	1	0	0	1
velok	1	0	0	1
cozzy	1	0	0	1
venia	1	1	0	2
verro	1	0	0	1
cover	1	0	0	1
vespa	1	0	0	1
viral	1	1	0	2
vlive	1	0	0	1
comic	1	0	0	1
corse	1	0	0	1
vocal	1	0	0	1
vokal	1	0	0	1
vonis	1	0	0	1
coret	1	0	0	1
waduk	1	0	0	1
wafat	1	0	0	1
wajan	1	0	0	1
wakot	1	0	0	1
comot	1	0	0	1
warta	1	0	0	1
dazri	1	0	0	1
topup	1	0	0	1
dusuk	1	0	0	1
disia	1	0	0	1
tasya	1	0	0	1
tatap	1	0	0	1
dngan	1	1	0	2
tatar	1	0	0	1
tatto	1	0	0	1
djoja	1	0	0	1
diwlh	1	0	0	1
tausi	1	0	0	1
dites	1	0	0	1
disus	1	0	0	1
disni	1	0	0	1
tebet	1	0	0	1
dobel	1	1	0	2
tebtu	1	0	0	1
disel	1	0	0	1
tedjo	1	0	0	1
dirak	1	0	0	1
dipos	1	0	0	1
tegal	1	0	0	1
dinot	1	1	0	2
diner	1	0	0	1
tegap	1	0	0	1
diler	1	0	0	1
tekad	1	0	0	1
doank	1	0	0	1
taste	1	1	0	2
tekan	1	0	2	3
tampa	1	0	0	1
talad	1	0	0	1
talas	1	0	0	1
duran	1	0	0	1
tamah	1	1	0	2
tamam	1	0	0	1
dugem	1	0	0	1
tamat	1	0	0	1
tamim	1	0	0	1
ducka	1	0	0	1
dubur	1	0	0	1
dtang	1	0	0	1
tanri	1	0	0	1
dodol	1	0	0	1
dress	1	0	0	1
tapas	1	0	0	1
dream	1	0	0	1
tapat	1	1	0	2
tapin	1	0	0	1
doyok	1	0	0	1
tapup	1	0	0	1
dosis	1	0	0	1
donat	1	0	0	1
taruh	1	0	0	1
taruk	1	0	0	1
dilap	1	0	0	1
tekat	1	0	0	1
dcost	1	0	0	1
tmpat	1	0	0	1
timba	1	0	0	1
denim	1	0	0	1
timor	1	1	0	2
tinja	1	0	0	1
tinta	1	1	0	2
tinto	1	0	0	1
tirem	1	0	0	1
tiris	1	0	0	1
dedie	1	0	0	1
tisue	1	0	0	1
tiszi	1	0	0	1
deddi	1	0	0	1
deoni	1	0	0	1
togel	1	1	0	2
tokig	1	0	0	1
tolok	1	0	0	1
tombo	1	0	0	1
toner	1	0	0	1
decor	1	0	0	1
debut	1	0	0	1
topan	1	0	0	1
topek	1	0	0	1
topik	1	0	0	1
de-de	1	0	0	1
dente	1	0	0	1
tidup	1	0	0	1
dikfc	1	0	0	1
dibui	1	0	0	1
diini	1	0	0	1
dihai	1	0	0	1
digit	1	0	0	1
temap	1	0	0	1
tenan	1	1	0	2
tenar	1	0	1	2
didlm	1	0	0	1
didit	1	0	0	1
tengo	1	0	0	1
tenis	1	0	0	1
tepuk	1	0	0	1
diare	1	0	0	1
tidar	1	0	0	1
teran	1	0	0	1
dhian	1	0	0	1
dhani	1	0	0	1
terpa	1	0	0	1
teruk	1	0	0	1
tessa	1	0	0	1
teten	1	0	0	1
detil	1	0	0	1
teuku	1	0	0	1
desir	1	0	0	1
derik	1	0	0	1
riana	1	0	0	1
rheza	1	0	0	1
rezha	1	0	0	1
maxis	1	0	0	1
maros	1	0	0	1
marus	1	0	0	1
marwa	1	0	0	1
masal	1	1	0	2
masif	1	0	0	1
kapel	1	0	0	1
match	1	0	0	1
kapas	1	0	0	1
matur	1	0	0	1
mauan	1	0	0	1
mawut	1	0	0	1
kanji	1	0	0	1
mario	1	0	0	1
mayor	1	0	0	1
mecin	1	1	0	2
kamal	1	1	0	2
kalla	1	0	0	1
kalio	1	0	0	1
medio	1	0	0	1
kaleo	1	0	0	1
mejan	1	0	0	1
mejus	1	0	0	1
mekar	1	0	0	1
meler	1	0	0	1
marka	1	0	0	1
marie	1	0	0	1
menir	1	0	0	1
malay	1	0	0	1
magis	1	0	0	1
mahan	1	0	0	1
mahir	1	0	0	1
kasat	1	0	0	1
maish	1	0	0	1
kasal	1	0	0	1
makas	1	0	0	1
maker	1	0	0	1
makna	1	1	1	3
karus	1	0	0	1
karun	1	0	0	1
males	1	0	0	1
marak	1	0	0	1
malik	1	0	0	1
karma	1	0	0	1
malut	1	0	0	1
mamad	1	0	0	1
manca	1	0	0	1
manda	1	0	0	1
karim	1	0	1	2
mande	1	0	0	1
manja	1	1	0	2
mantu	1	0	0	1
manut	1	0	0	1
menan	1	0	0	1
merak	1	0	0	1
mabes	1	0	0	1
nalar	1	0	0	1
jusuf	1	0	0	1
mozza	1	0	0	1
mreka	1	0	0	1
mulas	1	0	0	1
munum	1	0	0	1
julai	1	0	0	1
jukut	1	0	0	1
jukir	1	0	0	1
musti	1	0	0	1
nadia	1	1	0	2
najwa	1	0	0	1
naman	1	0	0	1
jutek	1	0	0	1
named	1	0	0	1
nanda	1	0	0	1
nanik	1	0	0	1
natan	1	0	0	1
negre	1	0	0	1
negro	1	0	0	1
nekat	1	0	0	1
nelan	1	0	0	1
netra	1	0	0	1
jslan	1	0	0	1
ngadu	1	1	0	2
monti	1	0	0	1
kaafe	1	0	0	1
kalan	1	0	0	1
misil	1	0	0	1
merch	1	0	0	1
kalai	1	0	0	1
merem	1	0	0	1
merla	1	0	0	1
merry	1	0	0	1
kairo	1	0	0	1
mewek	1	0	0	1
mhssw	1	0	0	1
migas	1	0	0	1
milan	1	0	0	1
milla	1	0	0	1
mitos	1	0	0	1
molor	1	0	0	1
kades	1	0	0	1
mitro	1	0	0	1
miwir	1	0	0	1
mmbri	1	0	0	1
mocas	1	0	0	1
mocca	1	0	0	1
mocha	1	0	1	2
kadal	1	0	0	1
modal	1	1	1	3
modis	1	0	0	1
mogok	1	0	0	1
macca	1	0	0	1
kasta	1	0	0	1
ngapa	1	0	0	1
keset	1	0	0	1
kikuk	1	0	0	1
laoly	1	0	0	1
kiayi	1	0	0	1
kiani	1	0	0	1
khaki	1	0	0	1
kevin	1	0	0	1
keuda	1	0	0	1
ketel	1	0	0	1
lapan	1	0	0	1
ketak	1	0	0	1
lapas	1	0	0	1
kesen	1	0	0	1
lalah	1	0	0	1
kesel	1	2	1	4
laper	1	0	0	1
lapis	1	0	0	1
lapuk	1	0	0	1
larva	1	0	0	1
kerju	1	0	0	1
kerek	1	0	0	1
lassi	1	0	0	1
kerat	1	0	0	1
lawar	1	0	0	1
lazat	1	0	0	1
lambe	1	0	0	1
kiper	1	0	0	1
leber	1	0	0	1
kumal	1	0	0	1
krang	1	0	0	1
kring	1	0	0	1
ksana	1	0	0	1
kopin	1	0	0	1
ksini	1	0	0	1
kuala	1	0	0	1
konep	1	0	0	1
kompi	1	0	0	1
kubis	1	0	0	1
kubur	1	0	0	1
kukuh	1	0	0	1
kolek	1	0	0	1
lahya	1	0	0	1
kokoh	1	1	0	2
kuras	1	0	0	1
kodim	1	0	0	1
kurun	1	0	0	1
kusut	1	0	0	1
kutil	1	0	0	1
kwang	1	0	0	1
lacak	1	0	0	1
klang	1	0	0	1
lahat	1	0	0	1
kisah	1	1	0	2
keram	1	0	0	1
kerah	1	0	0	1
maaci	1	0	0	1
kebah	1	0	0	1
loket	1	0	1	2
looke	1	0	0	1
looks	1	0	0	1
loper	1	0	0	1
lotte	1	0	0	1
lotus	1	0	0	1
loung	1	0	0	1
loves	1	0	0	1
lower	1	0	0	1
luber	1	0	0	1
lubur	1	0	0	1
lucah	1	0	0	1
logis	1	0	0	1
kebab	1	0	0	1
lucky	1	0	0	1
lumar	1	0	0	1
lunox	1	1	0	2
lunyu	1	0	0	1
lurik	1	0	0	1
lusin	1	0	0	1
kawah	1	0	0	1
kaula	1	0	0	1
katun	1	0	0	1
lyche	1	0	0	1
kecut	1	0	0	1
logic	1	0	0	1
lecis	1	0	0	1
lever	1	2	0	3
kepoo	1	0	0	1
keong	1	0	0	1
lekas	1	0	0	1
leles	1	0	0	1
kenpa	1	0	0	1
lepet	1	0	0	1
lesat	1	0	0	1
leste	1	1	0	2
leuwi	1	0	0	1
kemas	1	1	0	2
kemal	1	0	0	1
kemah	1	0	0	1
logam	1	0	0	1
kelok	1	0	0	1
kelet	1	0	0	1
ligat	1	0	0	1
kelam	1	0	0	1
limpa	1	0	0	1
kekal	1	0	0	1
kejar	1	0	0	1
lippo	1	0	0	1
lisan	1	0	0	1
keder	1	0	0	1
liwat	1	0	0	1
ngaji	1	0	0	1
ngawi	1	0	0	1
harco	1	0	0	1
hyang	1	0	0	1
icjkt	1	0	0	1
ibuuk	1	0	0	1
polis	1	0	1	2
pollo	1	0	0	1
ponds	1	0	0	1
hyung	1	0	0	1
ponju	1	0	0	1
ponyo	1	0	0	1
popmi	1	0	0	1
porda	1	0	0	1
poros	1	0	0	1
huuft	1	0	0	1
polda	1	1	0	2
posko	1	1	0	2
prado	1	0	0	1
prila	1	0	0	1
prime	1	0	0	1
primp	1	0	0	1
print	1	0	0	1
prkir	1	0	0	1
prodo	1	0	0	1
pucat	1	0	0	1
pudak	1	0	0	1
puguh	1	0	0	1
poles	1	0	0	1
poker	1	0	0	1
puluh	1	0	0	1
imbau	1	0	0	1
petut	1	0	0	1
infra	1	0	0	1
inews	1	0	0	1
picek	1	0	0	1
picik	1	0	0	1
indor	1	0	0	1
piero	1	0	0	1
pilek	1	0	0	1
pinda	1	0	0	1
pisan	1	0	0	1
imoet	1	0	0	1
imbas	1	0	0	1
ielts	1	0	0	1
ilusi	1	0	0	1
pitoe	1	1	0	2
plank	1	0	0	1
pleno	1	0	0	1
poach	1	0	0	1
iksan	1	0	0	1
ikama	1	0	0	1
ijeck	1	0	0	1
pocci	1	0	0	1
iflix	1	0	0	1
iemas	1	0	0	1
pukau	1	0	0	1
punah	1	1	0	2
pesek	1	0	0	1
recom	1	0	0	1
rasio	1	0	0	1
rawat	1	0	1	2
henti	1	1	0	2
rayun	1	0	0	1
reasa	1	0	0	1
helem	1	0	0	1
hedon	1	0	0	1
reato	1	0	0	1
heart	1	0	0	1
receh	1	0	0	1
haven	1	0	0	1
redam	1	0	0	1
heula	1	0	0	1
refil	1	0	0	1
hasan	1	0	1	2
rekor	1	0	1	2
remit	1	0	0	1
renon	1	0	0	1
harto	1	0	0	1
reply	1	0	0	1
resam	1	0	0	1
restu	1	0	0	1
retas	1	0	0	1
retno	1	0	0	1
herbs	1	0	0	1
rapbd	1	0	0	1
huhuy	1	0	0	1
quali	1	0	0	1
hudud	1	0	0	1
hubby	1	0	0	1
huayi	1	0	0	1
pupuk	1	0	0	1
pusri	1	0	0	1
hoshi	1	0	0	1
horse	1	0	0	1
qadir	1	0	0	1
qiara	1	0	0	1
qohar	1	0	0	1
quail	1	0	0	1
quite	1	1	0	2
hhaha	1	0	0	1
hobbi	1	0	0	1
r1011	1	0	0	1
rabit	1	0	0	1
hirup	1	0	0	1
racik	1	0	0	1
racun	1	0	0	1
radio	1	0	0	1
rafia	1	0	0	1
ramal	1	0	0	1
hibis	1	0	0	1
hiaju	1	0	0	1
petak	1	0	0	1
inhil	1	0	0	1
ngewe	1	0	0	1
omega	1	0	0	1
jbagi	1	0	0	1
jawir	1	0	0	1
jauhi	1	0	0	1
obong	1	0	0	1
obonk	1	0	0	1
obyek	1	0	0	1
ohiya	1	0	0	1
jarum	1	0	0	1
olive	1	0	0	1
olkar	1	0	0	1
ombak	1	0	0	1
omset	1	0	0	1
jebur	1	0	0	1
onlen	1	0	0	1
orgil	1	0	0	1
orsap	1	0	0	1
janda	1	0	0	1
other	1	1	0	2
otong	1	1	0	2
outer	1	0	0	1
jambi	1	0	0	1
paakr	1	0	0	1
padam	1	0	0	1
jalin	1	0	0	1
nyeri	1	0	0	1
jehan	1	0	0	1
jalar	1	0	0	1
nimat	1	0	0	1
jompo	1	0	1	2
johan	1	0	0	1
ngira	1	0	0	1
ngopi	1	0	0	1
ngpaw	1	0	0	1
night	1	0	0	1
joget	1	0	0	1
jodoh	1	0	0	1
jodog	1	0	0	1
nihil	1	0	0	1
jilat	1	1	0	2
ninja	1	0	0	1
nyabu	1	0	0	1
nkmat	1	0	0	1
nnton	1	0	0	1
noahs	1	0	0	1
nokia	1	0	0	1
nolah	1	0	0	1
nonie	1	0	0	1
jepit	1	0	0	1
norma	1	0	0	1
nuasa	1	0	0	1
nugal	1	0	0	1
nugas	1	0	0	1
padar	1	0	0	1
paint	1	0	0	1
perum	1	0	0	1
iq200	1	1	0	2
pawon	1	1	0	2
isari	1	0	0	1
irwan	1	0	0	1
irjen	1	0	0	1
pedih	1	0	0	1
pedro	1	1	0	2
pegal	1	0	0	1
pekok	1	0	0	1
irfan	1	0	0	1
ireng	1	0	0	1
pelek	1	0	0	1
ipoel	1	0	0	1
pasif	1	0	0	1
iplan	1	0	0	1
pemai	1	0	0	1
intip	1	0	0	1
penah	1	0	0	1
perdu	1	0	0	1
perek	1	0	0	1
insan	1	0	0	1
peres	1	0	0	1
injek	1	0	0	1
perih	1	0	0	1
iniii	1	0	0	1
paten	1	0	0	1
pasha	1	0	0	1
jakur	1	0	0	1
iyasi	1	0	0	1
pakek	1	0	0	1
paker	1	0	0	1
pakir	1	0	0	1
jahit	1	0	0	1
pakis	1	0	0	1
jafra	1	0	0	1
palak	1	0	0	1
palas	1	0	0	1
paloh	1	0	0	1
jadit	1	0	0	1
panca	1	0	0	1
panda	1	0	0	1
issue	1	0	0	1
itudi	1	0	0	1
pandu	1	0	0	1
panel	1	0	0	1
itlah	1	0	0	1
panji	1	0	0	1
italy	1	0	0	1
papah	1	0	0	1
paper	1	0	0	1
pasan	1	0	0	1
paseo	1	0	1	2
paser	1	0	0	1
circa	1	0	0	1
yakul	1	0	0	1
rban	1	0	0	1
yamme	1	0	0	1
14nov	1	0	0	1
kcil	1	0	0	1
keik	1	0	0	1
14.15	1	0	0	1
14.05	1	0	0	1
14.00	1	0	0	1
13500	1	0	0	1
13.08	1	0	0	1
12000	1	0	0	1
12.55	1	0	0	1
kesa	1	0	0	1
kfir	1	0	0	1
12.30	1	1	0	2
kiat	1	0	0	1
12.15	1	0	0	1
12.05	1	0	0	1
kiau	1	0	0	1
11.30	1	0	0	1
kiev	1	0	0	1
kiki	1	0	0	1
kill	1	0	0	1
10.29	1	0	0	1
10.17	1	0	0	1
kina	1	0	0	1
kino	1	0	0	1
15.35	1	0	0	1
15000	1	0	0	1
kara	1	0	0	1
19.25	1	0	0	1
july	1	0	0	1
junk	1	0	0	1
juru	1	0	1	2
2.910	1	0	0	1
just	1	0	0	1
2.125	1	0	0	1
2.010	1	0	0	1
k212	1	0	0	1
1th10	1	0	0	1
19500	1	0	0	1
kaas	1	0	0	1
18:52	1	0	0	1
150rb	1	0	0	1
18:00	1	0	0	1
18500	1	0	0	1
kaji	1	0	0	1
kaka	1	1	0	2
17030	1	0	0	1
kaku	1	1	0	2
17000	1	0	0	1
17.00	1	0	0	1
kane	1	0	0	1
16.35	1	0	0	1
kano	1	0	0	1
10.10	1	0	0	1
kipp	1	0	0	1
klas	1	1	0	2
lake	1	0	0	1
yunadi	1	0	0	1
yummmy	1	0	0	1
yooyee	1	0	0	1
labu	1	0	0	1
laff	1	0	0	1
yareel	1	0	0	1
yammie	1	0	0	1
laga	1	0	0	1
lage	1	0	0	1
laik	1	0	0	1
laju	1	0	0	1
lala	1	0	0	1
zaddit	1	0	0	1
lamo	1	0	0	1
lang	1	0	0	1
lapo	1	1	0	2
laun	1	0	0	1
layu	1	1	0	2
leaf	1	0	0	1
lego	1	0	0	1
lela	1	0	0	1
leng	1	0	0	1
yahuud	1	0	0	1
lime	1	0	0	1
kwee	1	0	0	1
zadith	1	0	0	1
1.920	1	0	0	1
koma	1	0	0	1
klip	1	0	0	1
klub	1	0	0	1
knuc	1	0	0	1
09:20	1	0	0	1
09:15	1	0	0	1
09:00	1	0	0	1
koen	1	0	0	1
08:30	1	1	0	2
07:00	1	0	0	1
07.30	1	0	0	1
koko	1	0	0	1
07.00	1	0	0	1
zaidit	1	0	0	1
04.00	1	0	0	1
zonkos	1	0	0	1
zombie	1	0	0	1
zodiak	1	0	0	1
zircon	1	0	0	1
korp	1	0	0	1
kost	1	0	0	1
zaskia	1	0	0	1
kruk	1	0	0	1
zamrud	1	0	0	1
kurs	1	0	0	1
judi	1	0	0	1
20012	1	0	0	1
ju2r	1	0	0	1
ajiip	1	0	0	1
hooq	1	0	0	1
akula	1	0	0	1
aktor	1	0	0	1
hore	1	0	0	1
hota	1	0	0	1
hote	1	1	0	2
akrab	1	1	0	2
akmil	1	0	0	1
hulu	1	0	0	1
akmal	1	0	0	1
iban	1	0	0	1
idea	1	0	0	1
alama	1	0	0	1
idle	1	0	0	1
idul	1	0	1	2
igun	1	0	0	1
ahong	1	0	0	1
ihsg	1	0	0	1
ijon	1	0	0	1
ijoo	1	0	0	1
ikat	1	0	0	1
ilah	1	0	0	1
afung	1	0	0	1
after	1	0	1	2
al-um	1	0	0	1
hook	1	1	0	2
imin	1	0	0	1
ampai	1	0	0	1
held	1	0	0	1
hele	1	0	0	1
andan	1	0	0	1
ancur	1	0	0	1
ancam	1	0	0	1
anang	1	0	0	1
hica	1	0	0	1
ampuh	1	0	0	1
ampla	1	0	0	1
high	1	0	0	1
hiji	1	3	0	4
among	1	0	0	1
alfan	1	1	0	2
amenu	1	0	0	1
hill	1	0	0	1
hnks	1	0	0	1
hoay	1	0	0	1
ambek	1	0	0	1
altis	1	0	0	1
alloh	1	0	0	1
aliya	1	0	0	1
aliti	1	0	0	1
hoki	1	0	0	1
holy	1	0	0	1
imej	1	0	0	1
adzan	1	0	0	1
joss	1	0	0	1
3.000	1	1	0	2
6.000	1	0	0	1
52,52	1	0	0	1
jbar	1	0	0	1
5.500	1	0	0	1
jeda	1	0	0	1
5.000	1	0	0	1
5,000	1	0	0	1
49,04	1	0	0	1
40198	1	0	0	1
40141	1	0	0	1
jeje	1	0	0	1
2baso	1	0	0	1
jazz	1	0	1	2
28000	1	0	0	1
2700t	1	0	0	1
jemu	1	0	0	1
jhon	1	0	0	1
24000	1	0	0	1
jigo	1	0	0	1
22.00	1	0	0	1
jomb	1	0	0	1
21.00	1	0	0	1
20:00	1	0	0	1
jomo	1	0	0	1
6.355	1	0	0	1
jaro	1	0	0	1
adzab	1	0	0	1
accor	1	0	0	1
advan	1	0	0	1
inum	1	0	0	1
aduuh	1	0	0	1
ipad	1	0	0	1
aduan	1	0	0	1
ipol	1	0	0	1
adlah	1	0	0	1
iris	1	2	0	3
added	1	0	0	1
irta	1	0	0	1
isia	1	0	0	1
isit	1	0	0	1
7.500	1	0	0	1
isya	1	0	0	1
about	1	0	0	1
abbas	1	0	0	1
iyon	1	0	0	1
jala	1	0	0	1
jaly	1	0	0	1
98,11	1	0	0	1
9.000	1	0	0	1
8.500	1	0	0	1
jani	1	0	0	1
780,1	1	0	0	1
yagami	1	0	0	1
yaelah	1	0	0	1
lini	1	0	0	1
paul	1	0	0	1
twifpi	1	0	0	1
tuntun	1	0	0	1
paku	1	0	0	1
pana	1	0	0	1
tungal	1	0	0	1
pane	1	0	0	1
tunduk	1	0	0	1
paro	1	0	0	1
pass	1	0	0	1
path	1	0	0	1
pati	1	0	0	1
paus	1	0	0	1
page	1	0	0	1
tumbal	1	0	0	1
pbnu	1	0	0	1
tulung	1	0	0	1
pdtt	1	0	0	1
peka	1	0	1	2
pena	1	0	0	1
penu	1	0	0	1
tsania	1	0	0	1
pepe	1	0	0	1
trutam	1	0	0	1
tropis	1	0	0	1
twists	1	0	0	1
paes	1	0	0	1
pgie	1	0	0	1
okey	1	0	0	1
nusa	1	1	0	2
oase	1	0	0	1
untukl	1	0	0	1
untukj	1	0	0	1
oats	1	0	0	1
oden	1	0	0	1
uniqlo	1	0	0	1
unikom	1	1	0	2
oily	1	0	0	1
oise	1	0	0	1
oiya	1	0	0	1
olie	1	0	0	1
pabx	1	0	0	1
olly	1	0	0	1
undian	1	2	0	3
onde	1	0	0	1
ootd	1	0	0	1
unable	1	0	0	1
ulangi	1	0	0	1
orba	1	0	0	1
orex	1	0	0	1
ujaran	1	0	0	1
otto	1	0	0	1
udukan	1	0	0	1
trobel	1	0	0	1
phan	1	0	0	1
nose	1	0	0	1
rack	1	0	0	1
pstw	1	0	0	1
pulo	1	0	0	1
punk	1	0	0	1
puol	1	0	0	1
pupr	1	0	0	1
purn	1	0	0	1
puso	1	0	0	1
tobias	1	0	0	1
quiz	1	0	0	1
toasti	1	0	0	1
rabb	1	0	0	1
raib	1	0	0	1
toliet	1	0	0	1
tjahjo	1	0	0	1
rama	1	0	0	1
tiupan	1	0	0	1
tisuue	1	0	0	1
rang	1	0	0	1
rani	1	0	0	1
raup	1	0	0	1
raut	1	0	0	1
rawa	1	0	0	1
tindas	1	0	0	1
timses	1	0	0	1
toilte	1	0	0	1
psti	1	0	0	1
treasa	1	0	0	1
pltb	1	0	0	1
pick	1	0	0	1
picu	1	0	0	1
pilu	1	0	0	1
tragis	1	0	0	1
pion	1	0	0	1
topoki	1	0	0	1
toples	1	0	0	1
pito	1	0	0	1
pixy	1	0	0	1
piza	1	0	0	1
tonton	1	1	0	2
plug	1	0	0	1
tolsby	1	0	0	1
poka	1	0	0	1
pori	1	0	0	1
tomyan	1	0	0	1
pose	1	0	0	1
post	1	0	0	1
poto	1	2	0	3
prap	1	0	0	1
pres	1	0	0	1
tombro	1	0	0	1
prik	1	0	0	1
psat	1	0	0	1
upload	1	0	1	2
noor	1	0	0	1
xuping	1	0	0	1
mary	1	0	0	1
wilyah	1	0	0	1
wilson	1	0	0	1
mala	1	0	0	1
wijaya	1	0	0	1
many	1	0	0	1
mapo	1	0	0	1
mars	1	0	0	1
mart	1	0	0	1
widihh	1	0	0	1
wibowo	1	0	0	1
wibawa	1	0	0	1
westrn	1	0	0	1
make	1	1	0	2
mate	1	0	0	1
wenger	1	0	0	1
mcam	1	0	0	1
mccf	1	0	0	1
meal	1	0	0	1
medy	1	0	0	1
watson	1	0	0	1
melt	1	1	0	2
mesh	1	0	0	1
mhon	1	0	0	1
mi4c	1	0	0	1
window	1	0	0	1
mahu	1	0	0	1
warisi	1	0	0	1
wuaahh	1	0	0	1
lite	1	0	0	1
liur	1	0	0	1
xpedia	1	0	0	1
xoxoxo	1	0	0	1
lola	1	0	0	1
wwooww	1	0	0	1
lone	1	0	0	1
look	1	0	0	1
wuooow	1	0	0	1
wuenak	1	0	0	1
loop	1	0	0	1
loor	1	0	0	1
winter	1	0	0	1
worthy	1	0	0	1
lost	1	0	0	1
wonton	1	0	0	1
luat	1	0	0	1
wiyoko	1	0	0	1
luis	1	0	0	1
luka	1	0	1	2
luna	1	0	0	1
lymn	1	0	0	1
witers	1	0	0	1
made	1	0	0	1
ming	1	0	0	1
wardan	1	0	0	1
none	1	0	0	1
next	1	0	0	1
napi	1	1	0	2
vernon	1	0	0	1
navy	1	0	0	1
nazi	1	0	0	1
vermon	1	0	0	1
vendor	1	0	0	1
ncux	1	0	0	1
nder	1	1	0	2
need	1	0	0	1
nelp	1	0	0	1
nesu	1	0	0	1
vallet	1	1	0	2
nani	1	0	0	1
ngge	1	0	0	1
ustadz	1	0	0	1
nias	1	0	0	1
nida	1	0	0	1
niee	1	0	0	1
niih	1	0	0	1
ning	1	0	0	1
niru	1	0	0	1
urusin	1	1	0	2
nite	1	0	0	1
nona	1	0	0	1
vienna	1	0	0	1
nana	1	0	0	1
miui	1	0	1	2
mrpk	1	0	0	1
mivo	1	0	0	1
mkom	1	0	0	1
moch	1	0	0	1
moen	1	0	0	1
moko	1	0	0	1
wandik	1	0	0	1
moly	1	0	0	1
momi	1	0	0	1
mono	1	0	0	1
walaka	1	0	0	1
mood	1	1	0	2
muar	1	0	0	1
naif	1	1	0	2
wacana	1	0	0	1
mumi	1	0	0	1
musi	1	0	0	1
voucer	1	0	0	1
musk	1	0	0	1
volter	1	0	0	1
vixion	1	0	0	1
naas	1	0	0	1
naga	1	0	0	1
visnuh	1	0	0	1
virgin	1	0	0	1
hehw	1	0	0	1
hayu	1	0	0	1
haru	1	0	0	1
aduk	1	1	1	3
abiz	1	0	0	1
able	1	0	0	1
abuy	1	0	0	1
boong	1	0	0	1
acap	1	0	0	1
acne	1	1	0	2
adah	1	0	0	1
boker	1	0	0	1
adan	1	0	0	1
adeh	1	0	0	1
bokep	1	0	0	1
agal	1	0	0	1
bosok	1	0	0	1
aing	1	0	0	1
aini	1	0	0	1
airy	1	0	0	1
bobol	1	0	0	1
ajis	1	0	0	1
bobba	1	0	0	1
board	1	0	0	1
bndra	1	0	0	1
akur	1	1	0	2
blues	1	0	0	1
alan	1	1	0	2
9:30	1	0	0	1
97,6	1	0	0	1
bland	1	0	0	1
7.00	1	0	0	1
43,1	1	0	0	1
buddy	1	0	0	1
budak	1	1	0	2
4718	1	0	0	1
4d3n	1	0	0	1
5.30	1	0	0	1
500k	1	0	0	1
5111	1	0	0	1
5500	1	0	0	1
5617	1	0	0	1
6000	1	0	0	1
7.30	1	0	0	1
9210	1	0	0	1
brule	1	0	0	1
brown	1	0	0	1
bromo	1	0	0	1
70,1	1	0	0	1
700k	1	0	0	1
7500	1	1	0	2
8.20	1	0	0	1
bpbat	1	0	0	1
botti	1	0	0	1
8888	1	0	0	1
botak	1	1	0	2
bleng	1	0	0	1
blake	1	0	0	1
3d2n	1	0	0	1
awie	1	0	0	1
asoy	1	0	0	1
atik	1	0	0	1
aula	1	0	0	1
aung	1	0	0	1
aura	1	0	0	1
awak	1	0	0	1
awam	1	1	1	3
besih	1	0	0	1
aweh	1	0	0	1
besan	1	0	0	1
berup	1	0	0	1
berng	1	0	0	1
asih	1	0	0	1
ayoo	1	0	0	1
ayur	1	0	0	1
baby	1	0	0	1
berda	1	0	0	1
bado	1	0	0	1
bait	1	0	0	1
berak	1	1	0	2
berac	1	0	0	1
bala	1	0	0	1
benua	1	0	1	2
ball	1	0	0	1
asix	1	1	0	2
asan	1	0	0	1
alfa	1	0	0	1
bilah	1	0	0	1
alim	1	0	1	2
alli	1	0	0	1
almt	1	0	0	1
bisul	1	0	0	1
also	1	0	0	1
biosa	1	0	0	1
biola	1	0	0	1
amen	1	0	0	1
binti	1	0	0	1
bilik	1	1	0	2
ance	1	0	0	1
anji	1	0	0	1
asai	1	0	0	1
antv	1	1	0	2
anus	1	0	0	1
apec	1	0	0	1
apes	1	0	0	1
appi	1	0	0	1
aqil	1	0	0	1
arif	1	0	0	1
arip	1	0	0	1
army	1	0	0	1
arta	1	0	0	1
asah	1	0	0	1
4.30	1	0	0	1
bugel	1	0	0	1
barm	1	0	0	1
1200	1	0	0	1
0.25	1	0	0	1
0111	1	0	0	1
ceket	1	0	0	1
1.30	1	0	0	1
cekak	1	0	0	1
caves	1	0	0	1
cause	1	0	0	1
1.75	1	0	0	1
100x	1	0	0	1
casau	1	0	0	1
11an	1	0	0	1
120k	1	0	0	1
0,05	1	0	0	1
carat	1	0	0	1
capit	1	0	0	1
12va	1	0	0	1
13,5	1	0	0	1
1368	1	0	0	1
capan	1	0	0	1
candi	1	0	0	1
150k	1	0	0	1
15m2	1	0	0	1
1603	1	0	0	1
190k	1	0	0	1
cemen	1	0	0	1
cepot	1	0	0	1
1923	1	1	0	2
yoiki	1	0	0	1
cicak	1	1	0	2
yanga	1	0	0	1
yapuy	1	0	0	1
yatim	1	0	0	1
years	1	0	0	1
yelow	1	0	0	1
yenni	1	0	0	1
chewy	1	0	0	1
chese	1	0	0	1
yogja	1	0	0	1
yohan	1	0	0	1
young	1	0	1	2
zubir	1	0	0	1
chara	1	0	0	1
chair	1	0	0	1
yowis	1	0	0	1
chain	1	0	0	1
yummi	1	1	0	2
yunyi	1	0	0	1
zebra	1	0	0	1
zikir	1	0	0	1
cetak	1	0	0	1
cesar	1	0	0	1
zinah	1	0	0	1
1922	1	0	0	1
1945	1	0	1	2
bugil	1	0	0	1
26th	1	0	0	1
2030	1	1	0	2
21,4	1	0	0	1
215k	1	0	0	1
22,5	1	0	0	1
buntu	1	0	0	1
22,6	1	0	0	1
23,5	1	0	0	1
245k	1	0	0	1
buluk	1	0	0	1
bully	1	0	0	1
25,5	1	0	0	1
27.5	1	0	0	1
bursa	1	0	0	1
2968	1	0	0	1
2lah	1	1	0	2
300k	1	0	0	1
31,3	1	0	0	1
31,5	1	0	0	1
bulak	1	0	0	1
33,3	1	0	0	1
36,9	1	0	0	1
bukin	1	0	0	1
3:00	1	0	0	1
bugis	1	0	0	1
burjo	1	0	0	1
2025	1	0	0	1
1950	1	0	0	1
1994	1	0	0	1
cakep	1	0	0	1
1953	1	1	0	2
1955	1	0	0	1
1964	1	0	0	1
1976	1	0	0	1
1979	1	0	0	1
1981	1	0	0	1
cafer	1	0	0	1
1993	1	0	0	1
cafee	1	0	0	1
cacah	1	0	0	1
cacad	1	0	0	1
buruh	1	0	0	1
1999	1	0	0	1
cabup	1	0	0	1
1x24	1	1	0	2
c1000	1	0	0	1
2001	1	0	0	1
buyer	1	0	0	1
buyar	1	0	0	1
200k	1	0	0	1
butir	1	0	0	1
butik	1	1	0	2
buset	1	2	0	3
bari	1	0	0	1
bato	1	1	0	2
hana	1	1	0	2
eldy	1	0	0	1
dual	1	0	0	1
duck	1	0	0	1
duga	1	0	0	1
each	1	0	0	1
easy	1	0	0	1
echo	1	0	0	1
edge	1	0	0	1
edhi	1	0	0	1
efin	1	0	0	1
ejak	1	0	0	1
ektp	1	0	0	1
elmi	1	0	0	1
aswad	1	0	0	1
elon	1	0	0	1
elsa	1	0	0	1
elvi	1	0	0	1
aseli	1	0	0	1
enam	1	1	2	4
asbak	1	0	0	1
arung	1	0	0	1
arumi	1	0	0	1
enga	1	0	0	1
erti	1	0	0	1
etes	1	0	0	1
dsdl	1	0	0	1
drum	1	0	0	1
evan	1	0	0	1
ayang	1	0	0	1
dino	1	0	0	1
dion	1	0	0	1
bacod	1	0	0	1
dira	1	0	0	1
diva	1	0	0	1
babah	1	0	0	1
azwar	1	2	0	3
doll	1	0	0	1
azhar	1	0	0	1
dolo	1	0	0	1
doni	1	0	0	1
awasi	1	0	0	1
drop	1	0	0	1
award	1	0	0	1
dory	1	0	0	1
awali	1	0	0	1
aurat	1	0	0	1
dove	1	0	0	1
audio	1	0	0	1
dprd	1	2	0	3
dprp	1	0	0	1
ateul	1	0	0	1
ateis	1	0	0	1
atang	1	0	0	1
euuh	1	0	0	1
arsip	1	0	0	1
desy	1	0	0	1
golf	1	1	0	2
gblk	1	0	0	1
gina	1	0	0	1
gips	1	0	0	1
giro	1	0	0	1
gkow	1	0	0	1
glow	1	0	0	1
gmpf	1	0	0	1
gnpf	1	0	0	1
goda	1	0	0	1
goes	1	0	0	1
gohu	1	0	0	1
animo	1	1	0	2
gaol	1	0	0	1
good	1	0	0	1
gotf	1	0	0	1
gray	1	0	0	1
gtgt	1	0	0	1
guan	1	0	0	1
gueh	1	0	0	1
gulu	1	0	0	1
gumi	1	0	0	1
guys	1	0	0	1
haka	1	0	0	1
hama	1	0	0	1
gaza	1	0	0	1
gali	1	0	0	1
arpan	1	0	0	1
fesv	1	0	0	1
ewek	1	0	0	1
expo	1	0	0	1
faik	1	0	0	1
fair	1	0	2	3
fake	1	0	0	1
fast	1	0	0	1
faux	1	0	0	1
feed	1	0	0	1
feel	1	0	1	2
arema	1	0	0	1
fery	1	0	0	1
flag	1	0	0	1
gaet	1	0	0	1
flek	1	0	0	1
flop	1	0	0	1
flow	1	0	0	1
apati	1	0	0	1
foam	1	0	0	1
anyep	1	0	0	1
ford	1	0	0	1
fuku	1	0	0	1
antum	1	0	0	1
gada	1	0	0	1
gaes	1	0	0	1
dian	1	1	0	2
deso	1	0	0	1
bayu	1	0	0	1
bray	1	0	0	1
bolt	1	0	0	1
beben	1	0	0	1
bond	1	0	0	1
bong	1	0	0	1
boni	1	0	0	1
boot	1	0	0	1
boss	1	0	0	1
both	1	0	0	1
bebal	1	0	0	1
beach	1	0	0	1
brad	1	0	0	1
bbrpa	1	0	0	1
boks	1	0	0	1
brbh	1	0	0	1
bazar	1	0	0	1
brem	1	0	0	1
bssn	1	0	0	1
btpn	1	0	0	1
buak	1	0	0	1
batuk	1	0	0	1
bull	1	0	0	1
busa	1	0	0	1
cage	1	0	0	1
bates	1	0	0	1
bold	1	0	0	1
body	1	0	1	2
batal	1	1	0	2
bing	1	0	0	1
bday	1	0	0	1
bdop	1	0	0	1
belt	1	0	0	1
belon	1	0	0	1
belly	1	0	0	1
belle	1	0	0	1
bella	1	0	0	1
bete	1	1	0	2
beye	1	0	0	1
belak	1	0	0	1
beken	1	0	0	1
bini	1	0	0	1
beber	1	0	0	1
bird	1	2	0	3
biro	1	0	2	3
behel	1	0	0	1
begok	1	0	0	1
bkii	1	0	0	1
bkpn	1	0	0	1
begal	1	0	0	1
begah	1	0	0	1
bedak	1	0	0	1
bedah	1	0	0	1
blus	1	0	0	1
calo	1	0	0	1
ceko	1	0	0	1
desi	1	0	0	1
dani	1	0	2	3
cuko	1	1	0	2
bakul	1	0	0	1
cuku	1	0	0	1
cups	1	0	0	1
curi	1	0	0	1
cute	1	0	0	1
cuts	1	0	0	1
dadi	1	0	0	1
dagi	1	0	0	1
dahi	1	0	0	1
daki	1	0	0	1
dara	1	0	0	1
balai	1	1	1	3
daus	1	0	1	2
ddan	1	0	0	1
bahar	1	0	0	1
deli	1	0	0	1
dell	1	0	0	1
bagur	1	0	0	1
bagor	1	2	0	3
baeud	1	0	0	1
deny	1	1	0	2
depa	1	0	0	1
deru	1	0	0	1
cozy	1	1	0	2
cowo	1	0	0	1
basir	1	0	0	1
bapau	1	0	0	1
ceng	1	0	0	1
chay	1	0	0	1
chia	1	0	0	1
based	1	0	1	2
choc	1	0	0	1
baron	1	0	0	1
chow	1	0	0	1
baret	1	0	0	1
barca	1	0	0	1
ciba	1	0	0	1
cici	1	0	0	1
cicu	1	0	0	1
coto	1	0	0	1
banua	1	0	0	1
ciki	1	0	0	1
cimb	1	2	0	3
ckck	1	0	1	2
coin	1	0	0	1
cone	1	1	0	2
balls	1	0	0	1
cont	1	0	0	1
cool	1	1	0	2
baleg	1	0	0	1
corn	1	0	0	1
saham	1	1	0	2
grinningfacewithsmilingeyes	1	0	0	1
memori	1	0	0	1
keseluruh	1	0	0	1
keranjang	1	0	0	1
kerdildan	1	0	0	1
kericuhan	1	0	0	1
kerinduan	1	0	0	1
keroyokan	1	0	0	1
kertanaga	1	0	0	1
kertemuan	1	0	0	1
kesampean	1	0	0	1
kesediaan	1	0	0	1
kesejukan	1	1	0	2
kesetanan	1	0	0	1
kepompong	1	0	0	1
kesolidan	1	0	0	1
kesurupan	1	0	0	1
ketahanan	1	0	1	2
ketepatan	1	0	0	1
ketiduran	1	0	0	1
ketingian	1	0	0	1
ketololan	1	0	0	1
ketularan	1	0	0	1
ketutupan	1	0	0	1
keunikkan	1	0	0	1
kepuasaan	1	0	0	1
kepanikan	1	0	0	1
kios-kios	1	0	0	1
kelabakan	1	0	0	1
kehebatan	1	0	1	2
kehebohan	1	0	0	1
kehitaman	1	0	0	1
kehujanan	1	0	1	2
keinganan	1	0	0	1
keislaman	1	0	0	1
kejangkau	1	0	1	2
kejuaraan	1	0	0	1
kekecewan	1	0	0	1
kekerasan	1	0	0	1
kelalaian	1	0	0	1
kepanasan	1	0	1	2
kelibihan	1	0	0	1
kelicikan	1	0	0	1
keliweran	1	0	0	1
keluargaa	1	0	0	1
kelulusan	1	0	0	1
kelurahan	1	0	0	1
kemerahan	1	0	0	1
kemurahan	1	0	0	1
kentungan	1	0	0	1
kepadatan	1	0	0	1
keuskupan	1	0	0	1
kissinger	1	0	0	1
mbak-mbak	1	0	0	1
manejemen	1	0	0	1
machiatto	1	0	0	1
maincorse	1	0	0	1
majapahit	1	0	0	1
maju-maju	1	0	0	1
makasiiii	1	0	0	1
maki-maki	1	0	0	1
maksudkan	1	0	0	1
malu-malu	1	0	0	1
managemen	1	1	0	2
mandangin	1	0	0	1
manifesto	1	0	0	1
macaroons	1	0	0	1
mantaaaps	1	0	0	1
margarita	1	0	0	1
markotoop	1	0	0	1
masa-masa	1	0	0	1
masakanny	1	0	0	1
masrokhan	1	0	0	1
masyrakat	1	0	0	1
mati-mati	1	0	1	2
matiinlah	1	0	0	1
maxstream	1	0	0	1
macchiato	1	0	0	1
lubangkan	1	0	0	1
komplemen	1	0	0	1
laksankan	1	0	0	1
kompliiit	1	0	0	1
komplimen	1	0	0	1
kondangan	1	0	0	1
konsultan	1	0	0	1
konsumtif	1	0	0	1
kontestan	1	0	0	1
kontrakan	1	0	0	1
kuah-kuah	1	0	0	1
kualiatas	1	0	0	1
kura-kura	1	0	0	1
lambrusco	1	0	0	1
lounching	1	0	0	1
lauk-lauk	1	0	0	1
legedaris	1	0	0	1
lengkokng	1	0	0	1
lingkaran	1	0	0	1
lingkunan	1	0	0	1
linkungan	1	0	0	1
listening	1	0	0	1
litelnoni	1	0	0	1
literally	1	1	0	2
lorencong	1	0	0	1
keharusan	1	0	0	1
kehalalan	1	0	0	1
kegigihan	1	0	0	1
harkulnas	1	0	0	1
gubenuran	1	0	0	1
gulingkan	1	0	0	1
hackathon	1	0	0	1
hahahahaa	1	1	0	2
hahhahaha	1	0	0	1
half-half	1	0	0	1
hancurlah	1	0	0	1
happiness	1	0	0	1
hargailah	1	0	0	1
haridryer	1	0	0	1
hehehehee	1	0	0	1
guacamole	1	0	0	1
hemangini	1	0	0	1
heritages	1	0	0	1
hianatkan	1	0	0	1
honeymoon	1	0	0	1
hongarian	1	0	0	1
hongtomie	1	0	0	1
hore-hore	1	0	0	1
icip-icip	1	0	0	1
idealisme	1	0	0	1
ikhlaskan	1	0	0	1
guatemala	1	0	0	1
grombolan	1	0	0	1
kefonfong	1	0	0	1
geevv.com	1	0	0	1
freelance	1	0	0	1
fukuzushi	1	0	0	1
funtastic	1	0	0	1
fuyonghai	1	0	0	1
gadibales	1	0	0	1
gang-gang	1	0	0	1
gardujadi	1	0	0	1
gardujati	1	0	0	1
gausahlah	1	0	0	1
gede-gede	1	0	0	1
gegoleran	1	0	0	1
grenadine	1	0	0	1
gemetaran	1	0	0	1
gendurowo	1	0	0	1
generator	1	0	0	1
giat-giat	1	0	0	1
gila-gila	1	0	0	1
gojekliga	1	0	0	1
gondoruwo	1	0	0	1
gorontalo	1	0	0	1
gratiskan	1	0	0	1
greetings	1	0	0	1
ikhlaslah	1	0	0	1
imajinasi	1	0	0	1
impulsive	1	0	0	1
kebobolan	1	0	0	1
kamu-kamu	1	0	0	1
kandungan	1	0	0	1
katineung	1	0	0	1
keajaiban	1	0	0	1
kebalikan	1	0	0	1
kebandung	1	1	0	2
kebanggan	1	0	0	1
kebebasan	1	0	0	1
keberadaa	1	0	0	1
kebesaran	1	0	0	1
kebohogan	1	0	0	1
imunisasi	1	0	0	1
kebugaran	1	0	0	1
kebusukan	1	0	0	1
kecewalah	1	0	0	1
kecopetan	1	0	0	1
kecrpatan	1	0	0	1
kedalaman	1	0	0	1
kedalemmm	1	0	0	1
kedekatan	1	0	0	1
kedudukan	1	0	0	1
keempukan	1	0	0	1
kampuslah	1	0	0	1
kahuripan	1	0	1	2
kadipaten	1	0	0	1
kaca-kaca	1	0	0	1
incumbent	1	0	0	1
indikator	1	0	0	1
indoneisa	1	0	0	1
indrawati	1	0	0	1
inisiatif	1	0	0	1
instalasi	1	0	0	1
intensive	1	0	0	1
istiqamah	1	0	0	1
jabodebek	1	0	0	1
jaga-jaga	1	0	0	1
jalaprang	1	0	0	1
japanesse	1	0	0	1
jasa-jasa	1	0	0	1
jawabarat	1	0	0	1
jebloskan	1	0	0	1
jemputkan	1	0	0	1
jerawatan	1	0	0	1
jiwa-jiwa	1	0	0	1
jobloskan	1	0	0	1
jokoberuk	1	0	0	1
jus-jusan	1	0	0	1
mayoriyas	1	0	0	1
mekelsung	1	0	0	1
foodpanda	1	0	0	1
padepokan	1	0	0	1
ogoh-ogoh	1	0	0	1
oldschool	1	0	0	1
onde-onde	1	0	0	1
oportunis	1	0	0	1
optimisme	1	0	0	1
organisir	1	0	0	1
organizer	1	0	0	1
pabrikasi	1	0	0	1
packingan	1	0	0	1
padaatttt	1	0	0	1
paintball	1	0	0	1
nyinyiran	1	0	0	1
pajagalan	1	0	0	1
palayanan	1	0	0	1
pananjung	1	1	0	2
pangarang	1	0	0	1
panoramic	1	0	0	1
papermint	1	0	0	1
papperoni	1	0	0	1
parompong	1	0	0	1
pas-pasan	1	0	0	1
pasangkan	1	0	0	1
obviously	1	0	0	1
nyemplung	1	0	0	1
pdemokrat	1	0	0	1
ngehargai	1	0	0	1
nantangin	1	0	1	2
nasi-nasi	1	0	0	1
nazarudin	1	0	0	1
negaralah	1	0	0	1
negarawan	1	0	0	1
negoisasi	1	0	0	1
nengusung	1	0	0	1
netanyahu	1	0	0	1
ngangkang	1	0	0	1
ngedimsum	1	0	0	1
ngomongin	1	0	0	1
nyamanlah	1	0	0	1
nikunglah	1	0	0	1
non-sense	1	0	0	1
non-tunai	1	0	0	1
normalkan	1	0	0	1
nostalgic	1	0	0	1
nurmantyo	1	0	0	1
nurzahedi	1	0	0	1
nutrisari	1	0	0	1
nvidblapk	1	0	0	1
nyam-nyam	1	0	0	1
pasarbaru	1	0	0	1
pedalaman	1	1	1	3
melayanai	1	0	0	1
penukaran	1	1	2	4
pengajuan	1	0	0	1
pengantin	1	1	0	2
pengemudi	1	0	0	1
pengering	1	0	0	1
penggerak	1	1	0	2
penghalal	1	0	0	1
penghasut	1	0	0	1
penghibur	1	0	0	1
penitipan	1	0	0	1
penolakan	1	0	0	1
penulisan	1	0	0	1
pengaduan	1	0	0	1
penurunan	1	2	0	3
penyembah	1	0	0	1
penyewaan	1	0	0	1
pepohanan	1	0	0	1
pepsodent	1	1	1	3
peradilan	1	0	0	1
perangkap	1	0	0	1
perangkat	1	0	0	1
perawatan	1	0	1	2
perbankan	1	1	0	2
pengajian	1	1	0	2
pengadaan	1	0	0	1
pelanggar	1	0	0	1
pemenuhan	1	0	0	1
pelaporan	1	0	0	1
pelayanna	1	0	0	1
pemahaman	1	0	1	2
pemancing	1	1	0	2
pemandang	1	0	0	1
pembacaan	1	0	0	1
pemberian	1	0	1	2
pembisnis	1	0	0	1
pembukaan	1	0	1	2
pemekaran	1	0	0	1
pemikirin	1	0	0	1
penetrasi	1	0	0	1
pemukiman	1	0	0	1
penanahan	1	0	0	1
penataaan	1	0	0	1
pencarian	1	1	0	2
pencucian	1	0	0	1
pendahulu	1	0	0	1
pendangan	1	0	0	1
pendengar	1	0	0	1
peneangan	1	0	0	1
penerapan	1	0	0	1
nangkring	1	0	0	1
nagabonar	1	0	0	1
mwnikmati	1	0	0	1
mengelola	1	0	0	1
menejemen	1	0	0	1
menentang	1	0	0	1
menfitnah	1	0	0	1
mengacung	1	0	0	1
mengandal	1	0	0	1
mengapaen	1	1	0	2
mengarang	1	0	0	1
mengatasi	1	0	0	1
mengawali	1	0	0	1
mengayomi	1	0	0	1
mengenang	1	0	0	1
mendikbud	1	0	1	2
mengetren	1	0	0	1
menggelar	1	0	0	1
menggenal	1	0	0	1
menggugat	1	0	0	1
menggusur	1	0	0	1
menghalau	1	0	0	1
menghapus	1	0	0	1
mengharap	1	0	0	1
menghasut	1	0	0	1
menghinbo	1	0	0	1
menegakan	1	0	0	1
menderita	1	1	1	3
mushollah	1	0	0	1
membentur	1	0	0	1
melintasi	1	1	0	2
melisting	1	0	0	1
melompong	1	0	0	1
meluapkan	1	0	0	1
melululah	1	0	0	1
memaafkan	1	0	0	1
memainkan	1	1	0	2
memaklumi	1	0	0	1
memancing	1	0	0	1
memanglah	1	0	0	1
memberika	1	0	0	1
mendatang	1	0	0	1
membiayai	1	0	0	1
memblokir	1	0	0	1
membludak	1	0	1	2
memeriksa	1	1	0	2
memorable	1	0	0	1
memuncaki	1	0	0	1
mencaplok	1	0	0	1
mencoblos	1	1	0	2
mencontek	1	1	0	2
mendalami	1	0	0	1
menghisap	1	0	0	1
menghujat	1	0	0	1
mengintip	1	0	0	1
milenials	1	0	0	1
menyentuh	1	0	0	1
menyicipi	1	0	0	1
menyinari	1	0	0	1
menymebah	1	0	0	1
merangkap	1	0	0	1
meratakan	1	0	0	1
merekalah	1	0	0	1
merenggut	1	0	0	1
merenungi	1	0	0	1
michaella	1	0	0	1
misterius	1	0	0	1
mengitari	1	1	0	2
moccacino	1	0	0	1
modanyaki	1	0	0	1
moderator	1	0	0	1
mojokerto	1	0	0	1
mongolian	1	0	0	1
muji-muji	1	0	0	1
muka-muka	1	0	0	1
multimoda	1	0	0	1
muncullah	1	0	0	1
mushallah	1	0	0	1
menyempil	1	0	0	1
menyantet	1	0	0	1
menyamann	1	0	0	1
menyalahi	1	0	0	1
mengkafir	1	0	0	1
mengkartu	1	0	0	1
mengompol	1	0	0	1
mengoreng	1	0	0	1
mengotori	1	0	0	1
mengtweet	1	0	0	1
menguliti	1	1	0	2
mengumpat	1	0	0	1
mengungsi	1	0	0	1
menguning	1	1	0	2
menikmani	1	0	0	1
menimkati	1	0	0	1
menjenguk	1	0	0	1
menjiplak	1	0	0	1
menjumpai	1	0	0	1
menkumham	1	0	0	1
mensahkan	1	0	0	1
menumpang	1	0	0	1
menunggui	1	0	0	1
menyaingi	1	0	0	1
menyakiti	1	0	0	1
fotogenic	1	0	0	1
flobamora	1	0	0	1
perbuatan	1	0	0	1
andaliman	1	0	0	1
akomodasi	1	0	0	1
aksesoris	1	0	0	1
akun-akun	1	0	0	1
alat-alat	1	1	0	2
alih-alih	1	0	0	1
alpucinos	1	0	0	1
alumunium	1	0	0	1
alutsista	1	0	0	1
ambasador	1	0	0	1
anda-anda	1	0	0	1
anggarkan	1	0	0	1
airasiago	1	0	0	1
angkahong	1	0	0	1
animation	1	0	0	1
anindhiya	1	0	0	1
annisatrh	1	0	0	1
apertizwr	1	0	0	1
arcamanik	1	0	0	1
argentina	1	0	0	1
aritonang	1	0	0	1
asadullah	1	0	0	1
asal-asal	1	0	0	1
akademisi	1	0	0	1
agendakan	1	0	0	1
attendant	1	0	0	1
twitterkan	1	0	0	1
titawarkan	1	0	0	1
tjiptaning	1	0	0	1
toiletries	1	0	0	1
transjogja	1	1	0	2
trensetter	1	0	0	1
tribunnews	1	0	0	1
triliunlah	1	0	0	1
triwarsana	1	0	0	1
tunggangan	1	0	0	1
turnanetra	1	0	0	1
verivikasi	1	0	0	1
agaricpro	1	0	0	1
waitresses	1	0	0	1
watermelon	1	0	0	1
widjojanto	1	0	0	1
womenswear	1	0	0	1
yasudahlah	1	0	0	1
zulkarnain	1	0	0	1
0561 7697	1	0	0	1
accoustic	1	0	0	1
adem-adem	1	0	0	1
advantage	1	0	0	1
asliiiiii	1	0	0	1
attention	1	0	0	1
bermaksud	1	0	0	1
berdesain	1	0	0	1
berangsur	1	0	0	1
berbahasa	1	0	0	1
berbanyak	1	0	0	1
berbayang	1	0	0	1
berbisnis	1	0	0	1
berbudaya	1	0	0	1
berdagang	1	1	0	2
berdaging	1	0	0	1
berdampak	1	0	0	1
berdaulat	1	0	0	1
berdikari	1	0	0	1
bentrokan	1	0	0	1
berdonasi	1	0	0	1
bergengsi	1	0	0	1
berhembus	1	0	0	1
berhidung	1	0	0	1
berimbang	1	1	0	2
berjilbab	1	0	0	1
berkaitan	1	1	0	2
berkorban	1	0	0	1
berkostum	1	0	0	1
berlantai	1	0	0	1
berakohol	1	0	0	1
bengkuang	1	0	0	1
awaliyyun	1	0	0	1
bani-bani	1	0	0	1
awareness	1	0	0	1
backsound	1	1	0	2
baju-baju	1	0	0	1
bakedrice	1	0	0	1
bakerokan	1	0	0	1
balotelli	1	0	0	1
bandungan	1	0	0	1
banggakan	1	0	0	1
bangjapra	1	0	0	1
bangkotan	1	0	0	1
baramundi	1	0	0	1
bengkoang	1	0	0	1
barberque	1	0	0	1
barcelona	1	0	0	1
batrisyia	1	0	0	1
batu-batu	1	0	0	1
bebungaan	1	0	0	1
becandaan	1	0	0	1
beginning	1	0	0	1
bela-bela	1	0	0	1
belgareti	1	0	0	1
belimbing	1	0	0	1
tirisanair	1	0	0	1
tinderloin	1	0	0	1
tertulusan	1	0	0	1
sehubungan	1	0	0	1
sandingkan	1	0	0	1
sangkuring	1	0	0	1
sasparilla	1	0	0	1
schinitzel	1	0	0	1
seandainya	1	0	0	1
sebajingan	1	0	0	1
secukupnya	1	0	0	1
sedikitnya	1	0	0	1
segarpanas	1	0	0	1
segmentasi	1	0	0	1
sekantoran	1	0	0	1
rumahanlah	1	0	0	1
selonjoran	1	0	0	1
semaksimal	1	0	0	1
semarangan	1	0	0	1
semelekete	1	0	0	1
semulajadi	1	0	0	1
sentrasari	1	0	0	1
sependapat	1	1	0	2
seperlunya	1	0	0	1
seremonial	1	0	0	1
seterkenal	1	0	0	1
safaruddin	1	0	0	1
romobongan	1	0	0	1
tersangkut	1	0	0	1
recommened	1	0	0	1
psikologis	1	0	0	1
puaskanlah	1	0	0	1
quesadilla	1	0	0	1
rachmawati	1	0	0	1
rafsanjani	1	0	0	1
rasulullah	1	0	0	1
reasonably	1	0	0	1
reataurant	1	0	0	1
rebrending	1	0	0	1
recommeded	1	0	0	1
refundable	1	0	0	1
romantisan	1	0	0	1
rejuvenate	1	0	0	1
relatiflah	1	0	0	1
rengginang	1	0	0	1
repurchase	1	0	0	1
rerimbunan	1	0	0	1
rerumputan	1	1	0	2
richseesee	1	0	0	1
rijstaffel	1	0	0	1
rijsttafel	1	0	0	1
roastingan	1	0	0	1
seterusnya	1	0	0	1
sewajarnya	1	1	0	2
shoegazing	1	0	0	1
terjadilah	1	0	0	1
television	1	0	0	1
temanggung	1	0	0	1
temukanlah	1	0	0	1
tenderolin	1	0	0	1
terabaikan	1	0	0	1
terawangan	1	0	0	1
terbangkok	1	0	0	1
teredukasi	1	0	0	1
tergiurkan	1	0	0	1
teriyakiny	1	0	0	1
terkecuali	1	1	0	2
sijangkung	1	0	0	1
terkendala	1	1	0	2
terkendali	1	0	0	1
terlesatan	1	0	0	1
terletakdi	1	0	0	1
terluargab	1	0	0	1
terpancing	1	0	0	1
terpeleset	1	0	0	1
terpentine	1	0	0	1
terpopuler	1	1	0	2
terprivasi	1	0	0	1
technology	1	0	0	1
tasyakuran	1	0	0	1
tarantasca	1	0	0	1
tambahlagi	1	0	0	1
simpatisan	1	1	0	2
singaparna	1	0	0	1
singgalang	1	0	0	1
singgasana	1	0	0	1
singkirkan	1	0	0	1
siskamling	1	0	0	1
skycrapper	1	0	0	1
snapdragon	1	0	1	2
sombongkan	1	0	0	1
soulkustik	1	0	0	1
soulmotion	1	0	0	1
spesiality	1	0	0	1
spesialnya	1	0	0	1
stabilitas	1	0	0	1
steakhouse	1	1	0	2
strawverry	1	0	0	1
stroganoff	1	0	0	1
strowberry	1	0	0	1
summarecon	1	1	0	2
sutardjana	1	0	0	1
tahugejrot	1	0	0	1
berlinang	1	0	0	1
berpaling	1	0	0	1
fleksibel	1	0	0	1
dinginlah	1	0	0	1
dikisaran	1	0	0	1
dikontrol	1	0	0	1
dilanggar	1	0	0	1
dilapisan	1	0	0	1
dilupakan	1	0	0	1
dimaklumi	1	0	0	1
dimelihat	1	0	0	1
dimencari	1	0	0	1
dinamakan	1	0	0	1
dingiikan	1	0	0	1
dioleskan	1	0	0	1
dikawasan	1	0	0	1
dipacking	1	0	0	1
dipangkas	1	0	0	1
dipenjuru	1	0	0	1
diperalat	1	0	0	1
diperkosa	1	0	0	1
diperluas	1	0	0	1
diperoleh	1	0	0	1
dipikiran	1	0	0	1
dipilpres	1	0	0	1
dipujikan	1	0	0	1
diketahui	1	0	1	2
dikatakna	1	0	0	1
direspons	1	0	1	2
digigitan	1	0	0	1
dibukakan	1	0	0	1
dibungkam	1	0	0	1
dicicipin	1	0	0	1
dicobalah	1	0	0	1
didandani	1	0	0	1
didirikan	1	0	0	1
difavorit	1	0	0	1
digebukin	1	0	0	1
digeledah	1	0	0	1
digerebek	1	0	0	1
digituuin	1	0	0	1
dikandang	1	0	0	1
digrilled	1	0	0	1
diharapan	1	0	0	1
dihindari	1	0	0	1
dihormati	1	0	0	1
dihubungi	1	0	3	4
diimbangi	1	0	0	1
diizinkan	1	0	0	1
dijualkan	1	0	0	1
dijuragan	1	0	1	2
dikampung	1	2	0	3
dirayakan	1	0	0	1
disajikam	1	0	0	1
berposisi	1	0	0	1
executive	1	0	0	1
ecek-ecek	1	0	0	1
eksternal	1	0	0	1
elisabeth	1	0	0	1
elit-elit	1	0	3	4
emergency	1	0	0	1
emosional	1	0	0	1
enakanyaa	1	0	0	1
engkaulah	1	0	0	1
entrecote	1	0	0	1
erjangkau	1	0	0	1
expensive	1	1	0	2
dusajikan	1	0	0	1
fantastic	1	0	0	1
fashioned	1	0	0	1
fasilitis	1	0	0	1
favehotel	1	0	0	1
featuring	1	0	0	1
febrianto	1	0	0	1
fetuccini	1	0	0	1
fetuchini	1	0	0	1
finansial	1	0	0	1
firewings	1	0	0	1
e-billing	1	0	0	1
duplicate	1	0	0	1
disakitin	1	0	0	1
diterangi	1	0	0	1
disanjung	1	0	0	1
disedikan	1	0	0	1
diseluruh	1	0	0	1
disetujui	1	0	0	1
disewakan	1	0	0	1
disimpang	1	0	0	1
disyukuri	1	0	0	1
ditangani	1	1	0	2
ditelapak	1	0	0	1
ditempati	1	0	0	1
ditimpali	1	0	0	1
dulu-dulu	1	0	0	1
ditwitter	1	0	0	1
divariasi	1	0	0	1
diwilayah	1	0	0	1
dizholimi	1	0	0	1
dizzyface	1	0	0	1
djponline	1	0	0	1
djunjunan	1	0	0	1
dkit-dkit	1	0	0	1
doooooonk	1	0	0	1
duduluran	1	0	0	1
dibooking	1	0	0	1
dibioskop	1	0	0	1
dibiatkan	1	0	0	1
calo-calo	1	0	0	1
bombastis	1	0	0	1
boro-boro	1	0	1	2
buahahaaa	1	0	0	1
buat-buat	1	0	0	1
bubblegum	1	0	0	1
buingiits	1	0	0	1
bule-bule	1	0	0	1
bungkusan	1	0	0	1
cafetaria	1	0	0	1
cakeepppp	1	0	0	1
campurkan	1	0	0	1
bluetooth	1	0	0	1
capekdech	1	0	0	1
capuchino	1	0	0	1
cassandra	1	0	0	1
catalonia	1	0	0	1
catchplay	1	0	0	1
cavendish	1	0	0	1
celebrity	1	0	0	1
cem-ceman	1	0	0	1
cemerlang	1	0	0	1
chamomile	1	0	0	1
boejangan	1	0	0	1
birublitz	1	0	0	1
diberkati	1	0	0	1
berteriak	1	0	0	1
bersahaja	1	0	0	1
bersarang	1	0	0	1
berselera	1	0	0	1
bersimpuh	1	0	0	1
bersorban	1	0	0	1
berstatus	1	0	0	1
bersumpah	1	0	0	1
bertabiat	1	0	0	1
bertarung	1	0	0	1
bertenaga	1	0	0	1
bertumpuk	1	0	0	1
biru-biru	1	0	0	1
berwibawa	1	0	0	1
besaarrrr	1	0	0	1
betebaran	1	0	0	1
beverages	1	0	0	1
bicaralah	1	0	0	1
bijaksana	1	0	0	1
billabong	1	0	0	1
binasakan	1	0	0	1
bingkisan	1	0	0	1
biro-biro	1	0	0	1
charliyan	1	0	0	1
chatuchak	1	0	0	1
chingkong	1	0	0	1
desa-desa	1	0	0	1
datangkan	1	1	1	3
daun-daun	1	0	0	1
deal-deal	1	0	0	1
deberikan	1	0	0	1
decadence	1	0	0	1
dedengkot	1	0	0	1
deg-degan	1	0	0	1
delivered	1	0	0	1
dellation	1	0	0	1
denganmie	1	0	0	1
di-browse	1	0	0	1
cibeureum	1	0	0	1
di-pilgub	1	0	0	1
diabaikan	1	1	0	2
diacuhkan	1	0	0	1
dianalisa	1	0	0	1
dibagikan	1	1	0	2
dibanting	1	0	0	1
dibegokan	1	0	0	1
dibekukan	1	0	0	1
dibelikan	1	1	0	2
dibelokan	1	0	0	1
dampingan	1	0	0	1
dahulukan	1	0	0	1
dagingnys	1	0	0	1
daftarkan	1	0	0	1
cileungsi	1	0	0	1
cilieunyi	1	0	0	1
cimandiri	1	0	0	1
cipancing	1	0	0	1
cirebonan	1	0	0	1
ciri-ciri	1	0	0	1
cisangkuy	1	0	0	1
cititrans	1	0	0	1
cnemaspis	1	0	0	1
coba-coba	1	0	0	1
commedian	1	0	0	1
complaint	1	0	0	1
concealer	1	0	0	1
condition	1	0	0	1
contohlah	1	0	0	1
corporate	1	0	0	1
cosmetics	1	0	0	1
cristhmas	1	0	0	1
cristiano	1	0	0	1
croquette	1	0	0	1
cuma-cuma	1	0	0	1
perbanyak	1	1	0	2
percafean	1	0	0	1
massardi	1	0	0	1
diungkap	1	0	0	1
disumbat	1	0	0	1
disusupi	1	0	0	1
ditampar	1	0	0	1
ditangan	1	1	0	2
ditengah	1	1	0	2
ditodong	1	0	0	1
ditubruk	1	0	0	1
ditumbuk	1	0	0	1
dituntut	1	0	0	1
diunggah	1	0	0	1
diuntung	1	0	0	1
disentuh	1	0	0	1
diupdate	1	0	1	2
divacuum	1	0	0	1
dobrakan	1	0	0	1
dramatik	1	0	0	1
dumpling	1	0	0	1
duplikat	1	0	0	1
dustakan	1	0	0	1
dusuguhi	1	0	0	1
eksekusi	1	0	0	1
elektrik	1	0	0	1
disidang	1	0	0	1
disegani	1	0	0	1
emangagi	1	0	0	1
dipunyai	1	0	0	1
diomelin	1	0	0	1
dipahami	1	0	0	1
dipanasi	1	0	0	1
dipemilu	1	0	0	1
dipermak	1	0	0	1
dipetani	1	0	0	1
dipinang	1	0	0	1
dipindah	1	1	0	2
dipinjam	1	0	0	1
diposisi	1	0	0	1
director	1	0	0	1
disebeah	1	0	0	1
direfill	1	0	0	1
direfund	1	0	0	1
direview	1	0	0	1
diridhoi	1	0	0	1
disadari	1	1	0	2
disajika	1	0	0	1
disakiti	1	0	0	1
disalami	1	0	0	1
disaring	1	0	0	1
disaster	1	0	0	1
elshinta	1	0	0	1
enjoying	1	0	0	1
grobogan	1	0	0	1
gembossi	1	0	0	1
gangster	1	1	0	2
gantikan	1	0	0	1
gantilah	1	0	0	1
ganyadar	1	0	0	1
gapernah	1	0	0	1
garagara	1	0	0	1
gebrakan	1	0	0	1
gedebage	1	0	0	1
gelapkan	1	0	0	1
gemblung	1	0	0	1
generous	1	0	0	1
gagalkan	1	0	0	1
giftshop	1	0	0	1
gigibrik	1	0	0	1
gilingan	1	0	0	1
gitarist	1	0	0	1
giveaway	1	0	0	1
gocengan	1	0	0	1
godzilla	1	1	0	2
gombrong	1	0	0	1
grabfood	1	0	0	1
gregetan	1	1	0	2
gallrely	1	0	0	1
gadungan	1	0	0	1
entengya	1	0	0	1
favoriit	1	0	0	1
erdorado	1	0	0	1
escaping	1	0	0	1
estimasi	1	0	0	1
estimate	1	0	0	1
eunakkkk	1	0	0	1
everyone	1	0	0	1
exellent	1	0	0	1
fadaftar	1	0	0	1
fadlizon	1	0	0	1
fasiltas	1	0	0	1
fecebook	1	0	0	1
furnitur	1	0	0	1
fenomena	1	0	1	2
feriyana	1	0	0	1
fetucini	1	0	0	1
filipina	1	0	1	2
firmitas	1	0	0	1
florence	1	0	0	1
follback	1	1	0	2
foodlife	1	0	0	1
fountain	1	0	0	1
fredrich	1	0	0	1
dinegara	1	1	0	2
dimusuhi	1	0	0	1
dimasuki	1	0	0	1
conveyor	1	0	0	1
cirrebon	1	0	0	1
coblosan	1	0	0	1
cocktail	1	0	0	1
cocorico	1	0	0	1
columbus	1	0	0	1
comeback	1	0	0	1
commando	1	0	0	1
comments	1	0	0	1
congrats	1	0	0	1
consumer	1	0	0	1
cornelia	1	0	0	1
ciplakan	1	0	0	1
cugenang	1	0	0	1
culinary	1	0	0	1
culinery	1	0	0	1
cuplikan	1	0	0	1
curanmor	1	0	0	1
curhatan	1	0	0	1
dagangan	1	0	0	1
dapatlah	1	1	0	2
darmawan	1	0	0	1
deadline	1	0	0	1
ciptakan	1	0	0	1
cintrong	1	0	0	1
dimaksud	1	0	1	2
cemplung	1	1	0	2
cahsback	1	0	0	1
callista	1	0	0	1
carefour	1	0	0	1
carnival	1	0	0	1
carolina	1	0	0	1
cashless	1	1	0	2
catering	1	0	0	1
cecunguk	1	0	0	1
celengan	1	0	0	1
cemberut	1	0	0	1
cendrung	1	0	0	1
cingkong	1	1	0	2
cerobong	1	0	0	1
charcoal	1	0	0	1
cheating	1	0	0	1
chiinese	1	0	0	1
chofifah	1	0	0	1
cibinong	1	0	0	1
ciburial	1	0	0	1
cileunyi	1	0	0	1
cimenyan	1	0	0	1
cingcang	1	0	0	1
dedaunan	1	0	0	1
degdegan	1	0	0	1
delegasi	1	0	0	1
dijalani	1	0	0	1
digadang	1	0	0	1
digambar	1	1	0	2
digeluti	1	0	0	1
digereja	1	0	0	1
diginiin	1	0	0	1
digitalk	1	0	0	1
digituin	1	0	0	1
digubris	1	0	1	2
dihabisi	1	0	0	1
dihubung	1	0	0	1
dijemput	1	0	0	1
demoktat	1	0	0	1
dijilbab	1	0	0	1
dijiplak	1	0	0	1
dijuluki	1	0	0	1
dikatain	1	0	0	1
dikolong	1	0	0	1
dikritik	1	0	0	1
dilaknat	1	0	0	1
dilanjut	1	0	0	1
dilantik	1	1	0	2
dilewati	1	0	0	1
diekspos	1	0	0	1
didisain	1	0	0	1
didesign	1	0	0	1
dictator	1	0	0	1
demolish	1	0	0	1
deutsche	1	0	0	1
di-order	1	0	0	1
diabetes	1	0	0	1
diadopsi	1	0	0	1
diagnosa	1	0	0	1
diajakin	1	0	0	1
diajukan	1	0	0	1
diamakan	1	0	0	1
diambang	1	0	0	1
dibanjur	1	0	0	1
dibanyak	1	0	0	1
dibatasi	1	0	0	1
dibelian	1	0	0	1
memnag	1	0	0	1
dibentak	1	0	0	1
dibiayai	1	0	0	1
dibidang	1	1	0	2
dicancel	1	0	0	1
dicobain	1	0	0	1
dicoreng	1	0	0	1
grilllah	1	0	0	1
guandong	1	0	0	1
burgendy	1	0	0	1
lahirkan	1	0	0	1
kompyang	1	0	0	1
kondimen	1	0	0	1
kristian	1	0	0	1
kriteria	1	0	0	1
kritikan	1	0	0	1
kroyokan	1	0	0	1
krpiting	1	0	0	1
kubangan	1	0	0	1
kumparan	1	0	0	1
kuningan	1	0	0	1
lamgsung	1	0	0	1
komplota	1	0	0	1
lancaran	1	0	0	1
langgeng	1	0	0	1
lapciong	1	0	0	1
laporkan	1	2	1	4
laungkan	1	0	0	1
layaklah	1	0	0	1
lecehkan	1	0	0	1
ledakkan	1	0	0	1
lembuutt	1	0	0	1
lemparan	1	0	0	1
komponen	1	1	1	3
kolektor	1	0	0	1
lengkong	1	0	0	1
ketetapi	1	0	0	1
kepengen	1	0	0	1
kepincut	1	0	0	1
kepotong	1	0	0	1
keraguan	1	0	0	1
kerajaan	1	0	1	2
kerelaan	1	0	0	1
keringan	1	0	0	1
kesellah	1	0	0	1
keseruan	1	0	0	1
kesiapan	1	0	0	1
ketulang	1	0	0	1
klikfilm	1	0	0	1
keyboard	1	0	0	1
khasanah	1	0	0	1
khawarij	1	0	0	1
khayalan	1	0	0	1
kholifah	1	0	0	1
kilogram	1	0	0	1
kimberly	1	0	0	1
kinclong	1	0	0	1
kingkong	1	2	0	3
klenteng	1	0	0	1
lemsaneg	1	0	0	1
levellah	1	0	0	1
guardian	1	1	0	2
mantaabb	1	0	0	1
maintain	1	0	0	1
makaanan	1	0	0	1
maklumin	1	0	0	1
maknyoss	1	0	0	1
malambdi	1	0	0	1
manathir	1	0	0	1
mandagri	1	0	0	1
manggung	1	0	0	1
mangkhut	1	0	0	1
manjakan	1	0	0	1
mantteep	1	0	0	1
mahkamah	1	0	0	1
mapolsek	1	0	0	1
marbella	1	0	0	1
mariachi	1	0	0	1
markobar	1	0	0	1
marsekal	1	0	0	1
martabat	1	0	0	1
marugame	1	0	0	1
maryland	1	1	0	2
masakkan	1	0	0	1
masihlah	1	0	0	1
mahruzar	1	0	0	1
mahathir	1	0	0	1
lezatnta	1	0	0	1
lonjakan	1	1	0	2
liberica	1	0	0	1
licensed	1	0	0	1
lifebouy	1	0	0	1
lihatlah	1	1	0	2
lilatlah	1	0	0	1
lingling	1	1	0	2
lipcream	1	0	0	1
liperpul	1	0	0	1
llorente	1	0	0	1
logitech	1	0	1	2
lotteria	1	0	0	1
mahallah	1	0	0	1
lousiana	1	0	0	1
loveable	1	0	0	1
luangkan	1	1	0	2
luarkota	1	0	0	1
luluskan	1	0	0	1
lumanyan	1	0	0	1
lumauyan	1	0	0	1
maahhall	1	0	0	1
madrasah	1	0	0	1
magelang	1	0	0	1
kepedean	1	0	0	1
kepalang	1	0	0	1
kenapala	1	0	0	1
informal	1	0	0	1
idealcut	1	0	0	1
identity	1	0	0	1
idiologi	1	0	0	1
idolakan	1	0	0	1
imported	1	0	0	1
indnesia	1	0	0	1
indoesia	1	0	0	1
indofood	1	0	9	10
indomilk	1	0	0	1
indosiar	1	0	0	1
ingatlah	1	0	0	1
hospital	1	0	0	1
inhealth	1	0	0	1
inisfree	1	0	0	1
inspired	1	0	0	1
intensif	1	0	0	1
intetior	1	0	0	1
islamlah	1	0	0	1
istiadat	1	0	0	1
istimema	1	0	0	1
istiqlal	1	0	0	1
istiraht	1	0	0	1
ibanking	1	0	0	1
honeydew	1	1	0	2
kenamaan	1	0	0	1
hargalah	1	0	0	1
gumpalan	1	0	0	1
hadeeuuh	1	0	0	1
hadirlah	1	0	0	1
halalkan	1	0	0	1
handalan	1	0	0	1
handmade	1	0	0	1
haramain	1	0	0	1
haramlah	1	0	0	1
harddisk	1	0	0	1
hardwork	1	0	0	1
harganya	1	0	0	1
honetsly	1	0	0	1
heddeeeh	1	0	0	1
hembusan	1	0	0	1
heryawan	1	0	0	1
hidangin	1	0	0	1
highland	1	0	0	1
highrope	1	0	0	1
hijaudan	1	0	0	1
hipersex	1	0	0	1
hiraukan	1	0	0	1
homesick	1	0	0	1
jahatlah	1	0	0	1
jaminkan	1	0	0	1
jampoeng	1	0	0	1
kelaikan	1	0	0	1
keadaban	1	0	0	1
kealpaan	1	0	0	1
keberapa	1	0	0	1
kebiasaa	1	0	0	1
kecampur	1	0	0	1
kedutaan	1	0	0	1
keemasan	1	0	0	1
kejayaan	1	0	0	1
kekhasan	1	0	0	1
kekuarga	1	0	0	1
kelarkan	1	0	0	1
jangkrik	1	1	0	2
kelautan	1	0	1	2
kelikbca	1	0	0	1
keluaran	1	0	0	1
kelupaan	1	0	0	1
kemaluan	1	0	0	1
kemanggi	1	0	0	1
kematian	1	0	0	1
kemenhub	1	0	0	1
kementan	1	0	0	1
kemplang	1	0	0	1
keabisan	1	0	0	1
ke-sunda	1	0	0	1
katering	1	0	0	1
katagori	1	0	0	1
japanise	1	0	0	1
jayabaya	1	1	0	2
jempolan	1	0	0	1
jobdeska	1	0	0	1
jokoblok	1	0	0	1
jokowers	1	0	0	1
juga.mil	1	0	0	1
junjunga	1	0	0	1
jurrasic	1	0	0	1
juventus	1	0	0	1
kabarkan	1	0	0	1
kafirkan	1	0	0	1
kalahkan	1	1	0	2
kalaupun	1	0	0	1
kalengan	1	0	0	1
kalijodo	1	0	0	1
kanduang	1	0	0	1
kapoklah	1	0	0	1
kapolsek	1	0	0	1
karawang	1	0	0	1
karnavin	1	0	0	1
buswetan	1	0	0	1
bungalow	1	0	0	1
perdamain	1	0	0	1
tandingan	1	0	0	1
superbike	1	0	0	1
superblok	1	0	0	1
superhero	1	0	0	1
superindo	1	1	0	2
supporter	1	0	0	1
suprawoto	1	0	0	1
surprised	1	0	0	1
swissbell	1	0	0	1
syamsudin	1	0	0	1
tampilkan	1	1	0	2
targetkan	1	0	0	1
sungapore	1	0	0	1
tatakrama	1	0	0	1
telephone	1	0	0	1
tempatmya	1	0	0	1
tempurung	1	0	0	1
tendangan	1	0	0	1
tenderlon	1	0	0	1
tengkleng	1	0	0	1
tengkujuh	1	0	0	1
tepanyaki	1	0	0	1
terangkan	1	0	0	1
suniaraja	1	0	0	1
sundanise	1	0	0	1
tercerdas	1	0	0	1
stainless	1	0	0	1
shoulders	1	0	0	1
simpulkan	1	0	0	1
sirkulasi	1	0	0	1
situation	1	0	0	1
skywalkny	1	0	0	1
soekanrno	1	0	0	1
soliditas	1	0	0	1
solidwood	1	0	0	1
sookoriin	1	0	0	1
spaggheti	1	0	0	1
stan-stan	1	0	0	1
sukseskan	1	0	0	1
startegis	1	0	0	1
stawberry	1	0	0	1
stiabudhi	1	0	0	1
straberry	1	1	0	2
stroberri	1	0	0	1
subjektif	1	0	0	1
submarine	1	0	0	1
sudiharjo	1	0	0	1
suhartono	1	0	0	1
sukoharjo	1	0	0	1
terbentuk	1	0	0	1
terdampak	1	0	0	1
tumbuhkan	1	0	0	1
tipe-tipe	1	0	0	1
tersayang	1	0	1	2
tertembus	1	0	0	1
tertempel	1	0	0	1
tertutupi	1	0	0	1
terutaman	1	0	0	1
terwakili	1	0	0	1
tigaraksa	1	0	0	1
tilongolo	1	0	0	1
tinambung	1	0	0	1
tinggilah	1	0	0	1
tirtanadi	1	0	0	1
terrorist	1	0	0	1
tjahjanto	1	0	0	1
tofalemon	1	0	0	1
tong-tong	1	0	0	1
tongkonan	1	0	0	1
tournedos	1	0	0	1
trademark	1	0	0	1
tradional	1	0	0	1
transform	1	0	0	1
transpran	1	0	0	1
travelers	1	0	0	1
tersaingi	1	0	0	1
terpencar	1	0	0	1
terdeloin	1	0	0	1
terkonsep	1	0	0	1
terencana	1	0	0	1
tergoblok	1	0	0	1
terhindar	1	0	0	1
terhingga	1	0	0	1
teriakkan	1	0	0	1
terjankau	1	0	0	1
terjunkan	1	0	0	1
terkantor	1	0	0	1
terkemuka	1	0	0	1
terkesima	1	0	0	1
terkumpul	1	0	0	1
terparkir	1	0	0	1
terlampau	1	0	0	1
terlantar	1	0	0	1
terlempar	1	0	0	1
terluhatn	1	0	0	1
termiskin	1	0	0	1
termodern	1	0	0	1
ternganga	1	0	0	1
terobosan	1	0	2	3
terorisme	1	0	0	1
terpajang	1	0	0	1
shashlick	1	0	0	1
seventeen	1	0	0	1
setyawati	1	0	0	1
purworejo	1	0	0	1
presidium	1	0	0	1
prhbungan	1	0	0	1
primetime	1	0	0	1
produktif	1	0	0	1
prognosis	1	0	0	1
prolegnas	1	0	0	1
protestan	1	0	0	1
proyektor	1	0	0	1
psikiater	1	0	0	1
publikasi	1	0	0	1
rada-rada	1	0	0	1
polrestro	1	0	0	1
rancabali	1	0	0	1
rasa-rasa	1	0	0	1
realisasi	1	0	0	1
recomende	1	0	0	1
recomment	1	0	0	1
rekrutmen	1	0	0	1
relaksasi	1	0	0	1
responses	1	0	0	1
resstoran	1	0	0	1
restarant	1	0	0	1
pori-pori	1	0	0	1
pollution	1	0	0	1
setaralah	1	0	0	1
personnel	1	0	0	1
perebutan	1	0	0	1
peringati	1	0	0	1
perizinan	1	0	1	2
perkataan	1	0	0	1
perkotaan	1	0	0	1
permakana	1	0	0	1
permintaa	1	0	0	1
permulaan	1	0	0	1
perosotan	1	0	0	1
persident	1	0	0	1
pesakitan	1	0	0	1
poin-poin	1	0	0	1
pesawahan	1	0	0	1
petenyaaa	1	0	0	1
pigmented	1	0	0	1
pilwalkot	1	0	0	1
pineapple	1	0	0	1
pintarlah	1	0	0	1
pinterkan	1	0	0	1
pocketlah	1	0	0	1
pofertjes	1	1	0	2
pofferjes	1	0	0	1
restaurat	1	0	0	1
restorang	1	0	0	1
romantiis	1	0	0	1
sengkarut	1	0	0	1
seleralah	1	0	0	1
semalaman	1	0	0	1
semangkok	1	2	0	3
sembayang	1	0	0	1
sembuhkan	1	0	0	1
semenawan	1	0	0	1
semifinal	1	0	0	1
sempritan	1	0	0	1
semriwing	1	1	0	2
senegatif	1	0	0	1
sensation	1	0	0	1
romantise	1	0	0	1
sepakbola	1	0	0	1
sepelekan	1	0	0	1
sepenting	1	0	0	1
seppesial	1	0	0	1
serabutan	1	0	0	1
serbaguna	1	0	0	1
seriously	1	0	0	1
seru-seru	1	0	0	1
seserahan	1	0	0	1
sesuaikan	1	0	0	1
selection	1	0	0	1
selebrasi	1	0	0	1
sekolahin	1	0	0	1
sekiranya	1	0	0	1
romantiuc	1	0	0	1
rongsokan	1	0	0	1
sabu-sabu	1	0	0	1
saifuddin	1	0	0	1
salahudin	1	0	0	1
sambisari	1	0	0	1
sampireun	1	0	0	1
sandiwara	1	0	0	1
saracagub	1	0	0	1
sate-sate	1	0	0	1
sbahagian	1	0	0	1
sculpture	1	0	0	1
sebandung	1	0	0	1
sebelanga	1	0	0	1
sebulanan	1	0	0	1
secretary	1	0	0	1
seenaknya	1	1	0	2
segentong	1	0	0	1
sekampung	1	0	0	1
sekdaprov	1	0	0	1
sekenanya	1	0	0	1
traveller	1	0	0	1
tunjukkan	1	0	0	1
bukankah	1	0	0	1
bermalas	1	0	0	1
berkibar	1	0	0	1
berkicau	1	0	0	1
berkumis	1	0	0	1
berlabel	1	0	0	1
berlabuh	1	0	0	1
berlagak	1	0	0	1
berlomba	1	0	0	1
berlumut	1	0	0	1
bermakna	1	0	0	1
bermalam	1	0	0	1
bermedia	1	0	0	1
berkelit	1	0	0	1
bermodal	1	0	0	1
bermohon	1	0	0	1
bernaeka	1	0	0	1
berpagar	1	0	0	1
berpasir	1	0	0	1
berpeluh	1	0	0	1
berperan	1	2	0	3
berpesan	1	0	0	1
berpesta	1	0	0	1
berpihak	1	0	0	1
berkerut	1	0	0	1
berkelap	1	0	0	1
bersalju	1	0	0	1
bergaram	1	0	0	1
berbakti	1	0	0	1
berbeque	1	0	0	1
berbunyi	1	1	0	2
berdamai	1	0	0	1
berdasar	1	0	0	1
berembun	1	0	0	1
berendem	1	0	0	1
beresiko	1	0	0	1
bereskan	1	0	0	1
beretika	1	0	0	1
bergegas	1	0	0	1
berkecap	1	0	0	1
bergeser	1	0	0	1
bergetar	1	0	0	1
berhasih	1	0	0	1
berhemat	1	0	0	1
berjamur	1	0	0	1
berjenis	1	0	0	1
berjinah	1	0	0	1
berjubel	1	0	0	1
berkaldu	1	0	0	1
berkarya	1	0	0	1
berpusat	1	0	0	1
berserak	1	0	0	1
tuntaskan	1	0	0	1
bogerijn	1	0	0	1
birokrat	1	0	0	1
biscuits	1	0	0	1
blencong	1	0	0	1
blepotan	1	0	0	1
blokiran	1	0	0	1
bluberry	1	1	0	2
blusukan	1	1	0	2
bmencoba	1	0	0	1
bnywangi	1	0	0	1
boediono	1	0	0	1
bohongan	1	0	0	1
bilangin	1	1	0	2
bordiran	1	0	0	1
boyolali	1	0	0	1
briefing	1	0	0	1
brkalimt	1	0	0	1
broadway	1	0	0	1
broccoli	1	0	0	1
brusceta	1	0	0	1
buahbatu	1	0	0	1
buanyakk	1	0	0	1
budidaya	1	0	0	1
bingitts	1	0	0	1
bilangan	1	0	0	1
berserta	1	0	0	1
berujung	1	0	0	1
bersibuk	1	0	0	1
bersifat	1	0	0	1
bersihan	1	0	0	1
bertabur	1	0	0	1
bertahta	1	0	0	1
bertekad	1	0	0	1
berteman	1	0	0	1
bertepuk	1	0	0	1
bertidak	1	0	0	1
bertukar	1	0	0	1
berunjuk	1	0	0	1
bigberry	1	0	0	1
beruntun	1	0	0	1
berupaya	1	0	1	2
berutang	1	0	0	1
berwajah	1	0	0	1
betrayal	1	0	0	1
betuuuul	1	0	0	1
beuuuuuh	1	0	0	1
biasapun	1	0	0	1
bidadari	1	0	0	1
bidakara	1	0	0	1
berbakat	1	0	0	1
beraroma	1	0	0	1
berantem	1	0	2	3
aktifasi	1	0	0	1
13591191	1	0	0	1
13591905	1	0	0	1
2pranata	1	0	0	1
70ribuan	1	0	0	1
abdillah	1	0	0	1
aburizal	1	0	0	1
acapkali	1	0	0	1
acungkan	1	1	0	2
adorable	1	0	0	1
akatsuki	1	0	0	1
aktifkan	1	0	0	1
11647925	1	0	0	1
aktraksi	1	0	0	1
akuarium	1	0	0	1
alamikan	1	0	0	1
aldjufri	1	0	0	1
alfatrex	1	0	0	1
allahlah	1	0	0	1
almarhum	1	0	0	1
amaretto	1	0	0	1
ambience	1	0	0	1
ambisous	1	0	0	1
12736829	1	0	0	1
021 2927	1	0	0	1
berambut	1	0	0	1
walauokan	1	0	0	1
turnojoyo	1	0	0	1
ubar-ubar	1	1	0	2
ucapanpun	1	0	0	1
untungkan	1	0	0	1
valleylah	1	0	0	1
varookkah	1	0	0	1
videotron	1	0	0	1
vidhafest	1	0	0	1
volunteer	1	0	0	1
walalupun	1	0	0	1
wara-wiri	1	0	0	1
younghoon	1	0	0	1
wartabone	1	0	0	1
waterboom	1	0	0	1
wawancara	1	0	0	1
wonderful	1	0	0	1
wonokromo	1	0	0	1
woolvowiz	1	0	0	1
xixiixixi	1	0	0	1
yaudahlah	1	0	0	1
yerusalem	1	0	0	1
yoshihiro	1	0	0	1
angelina	1	0	0	1
angkatan	1	0	0	1
anjirlah	1	0	0	1
beancurd	1	0	0	1
ballroom	1	0	0	1
banddung	1	0	0	1
bangeeed	1	0	0	1
bangeeet	1	0	0	1
banisadr	1	0	0	1
banyaakk	1	0	1	2
banyakin	1	0	0	1
baracuda	1	0	0	1
baronang	1	0	0	1
batalkan	1	0	1	2
beberkan	1	0	0	1
anjungan	1	0	0	1
befungsi	1	0	0	1
bekingan	1	0	0	1
beladiri	1	0	0	1
bencilah	1	0	0	1
bendhara	1	0	0	1
benedict	1	0	0	1
benefits	1	0	0	1
bengkulu	1	0	0	1
benjamin	1	0	0	1
beralama	1	0	0	1
balaskan	1	0	0	1
bagimana	1	0	0	1
baekhyun	1	0	0	1
bacthiar	1	0	0	1
announce	1	0	0	1
ansharut	1	0	0	1
antasari	1	0	0	1
antonius	1	0	0	1
apasalah	1	0	0	1
ardianto	1	0	0	1
argument	1	0	0	1
arogansi	1	0	0	1
artalyta	1	0	0	1
artworld	1	0	0	1
arumanis	1	0	0	1
asiiiiin	1	0	0	1
aspirasi	1	1	0	2
atandard	1	0	0	1
ataupula	1	0	0	1
atraktif	1	0	0	1
attraksi	1	0	0	1
aujubila	1	0	0	1
aurillac	1	0	0	1
australi	1	0	0	1
awiligar	1	0	0	1
provokatif	1	0	0	1
providerxl	1	0	0	1
prosperity	1	0	0	1
permufakatan	1	0	0	1
penggorengan	1	0	0	1
penggulingan	1	0	0	1
penghantaran	1	0	0	1
penghidangan	1	0	0	1
penghitungan	1	1	0	2
penginanapan	1	0	0	1
penyebrangan	1	0	0	1
perekonomian	1	1	0	2
perlindungan	1	0	0	1
permandangan	1	0	0	1
persawahanan	1	0	0	1
pengembangan	1	1	0	2
perselisihan	1	0	0	1
pertama-tama	1	1	0	2
pertentangan	1	0	0	1
prioritaskan	1	0	0	1
proporsional	1	0	0	1
ranggamalela	1	0	0	1
realisasikan	1	0	0	1
recommentded	1	0	0	1
referensikan	1	0	0	1
relationship	1	0	0	1
penggilingan	1	0	0	1
pengecualian	1	0	0	1
represantasi	1	0	0	1
netmediatama	1	1	0	2
menyelarakan	1	0	0	1
menyembuhkan	1	0	1	2
menyemburkan	1	0	0	1
menyepelekan	1	0	0	1
menyeramnkan	1	0	0	1
merencanakan	1	0	0	1
mewawancarai	1	0	0	1
moisturizing	1	0	0	1
muhammadiyah	1	0	0	1
nasionalisme	1	0	0	1
overthinking	1	0	0	1
pemberlakuan	1	0	0	1
palangkaraya	1	0	0	1
pancasilalah	1	0	0	1
parahiyangan	1	0	0	1
parahyanagan	1	0	0	1
parangtritis	1	0	0	1
pelayananmba	1	0	0	1
pemandangkan	1	0	0	1
pembelajaran	1	0	0	1
pembelanjaan	1	0	1	2
pemberdayaan	1	0	0	1
renungkanlah	1	0	0	1
representasi	1	0	0	1
18061091444	1	0	0	1
08137774484	1	0	0	1
tobikogunkan	1	0	0	1
tradisionlal	1	0	0	1
transparansi	1	0	0	1
transylvania	1	0	0	1
zonpoliticon	1	0	0	1
01177046565	1	0	0	1
01180265717	1	0	0	1
022 6011539	1	0	0	1
03036001961	1	0	0	1
08114728664	1	0	0	1
08156189559	1	0	0	1
terorganisir	1	1	0	2
08229746181	1	0	0	1
08569030856	1	0	0	1
08572727278	1	0	0	1
08586872540	1	0	0	1
1000 - 3000	1	0	0	1
10271107471	1	0	0	1
1500 - 6339	1	0	0	1
17058286832	1	0	0	1
17058435154	1	0	0	1
17059911732	1	0	0	1
terpellihara	1	0	0	1
terntayangan	1	0	0	1
restorranlah	1	0	0	1
sinkronisasi	1	0	0	1
rhumppuchino	1	0	0	1
saranghajima	1	0	0	1
sekeluargake	1	0	0	1
sekenyangnya	1	0	0	1
selingkuhlah	1	0	0	1
sempatkanlah	1	0	0	1
sepakterjang	1	0	0	1
sharetheyumz	1	1	0	2
sialannnnnnn	1	0	0	1
singapuralah	1	0	0	1
smirkingface	1	0	0	1
terkoordinir	1	0	0	1
spesialisasi	1	0	0	1
strachitella	1	0	0	1
successfully	1	0	0	1
sudahbterasa	1	0	0	1
tarumanegara	1	1	0	2
terbebetulan	1	0	0	1
teregistrasi	1	0	0	1
tergila-gila	1	0	0	1
terinspirasi	1	0	0	1
terintegrasi	1	0	0	1
menyegerakan	1	0	0	1
menumbangkan	1	2	0	3
menstimulasi	1	0	0	1
disambungkan	1	0	0	1
dipanggilkan	1	0	0	1
diperbaharui	1	0	0	1
dipercayakan	1	0	0	1
dipermainkan	1	0	0	1
dipermalukan	1	0	0	1
diperpanjang	1	0	0	1
dipersingkat	1	0	0	1
dipinggirkan	1	0	0	1
direschedule	1	0	0	1
disajikanlah	1	0	0	1
disandingkan	1	0	0	1
dimenyalakan	1	0	0	1
disedekahkan	1	0	0	1
disengajakan	1	0	0	1
disingkirkan	1	0	1	2
diskreditkan	1	0	0	1
disumbangkan	1	0	0	1
disutradarai	1	0	0	1
ditemukanlah	1	0	0	1
ditunjukkkan	1	0	0	1
halalbihalal	1	0	0	1
haryopratomo	1	0	0	1
dimurahinlah	1	0	0	1
dimasyarakat	1	0	0	1
mengurungkan	1	0	0	1
bersyukurlah	1	0	0	1
berkompetisi	1	0	0	1
berkonsepkan	1	0	0	1
berkordinasi	1	0	0	1
bermain-main	1	0	0	1
berpetualang	1	0	0	1
berprasangka	1	0	0	1
bersangkutan	1	0	0	1
bersebalahan	1	0	0	1
bersebrangan	1	1	0	2
berseliweran	1	0	0	1
cancellation	1	0	0	1
dimasalahkan	1	0	0	1
cremebrullee	1	0	0	1
deklarasikan	1	0	0	1
di-brainwash	1	0	0	1
digantungkan	1	0	0	1
diintervensi	1	0	0	1
dikebanyakan	1	0	0	1
dikedepankan	1	0	0	1
dikendalikan	1	0	0	1
diketerangan	1	0	0	1
dimanipulasi	1	0	0	1
indonesialah	1	0	0	1
intagramable	1	0	0	1
kabarislamid	1	0	0	1
menggemaskan	1	0	0	1
mencurigakan	1	0	0	1
mendatangkan	1	0	1	2
menegcewakan	1	0	0	1
menengangkan	1	0	0	1
mengabadikan	1	0	0	1
mengakibatan	1	0	0	1
menganjurkan	1	0	1	2
mengevaluasi	1	0	0	1
menggagalkan	1	0	0	1
menggantikan	1	0	0	1
menggonggong	1	0	0	1
kalamanthana	1	0	0	1
mengharamkan	1	0	0	1
menghentikan	1	0	0	1
mengherankan	1	1	0	2
menghidupkan	1	0	0	1
menghinggapi	1	0	0	1
mengidolakan	1	0	0	1
menginjakkan	1	0	0	1
mengkatifkan	1	0	0	1
mengomentari	1	0	0	1
mengorderkan	1	0	0	1
mencantumkan	1	0	0	1
mencadangkan	1	0	0	1
memposisikan	1	0	0	1
mempercantik	1	0	0	1
keberpihakan	1	0	0	1
kedisiplinan	1	0	0	1
kekhalifahan	1	0	0	1
kelangsungan	1	0	0	1
kepahlawanan	1	0	0	1
kepengurusan	1	0	0	1
kepresidenan	1	0	0	1
keromantisan	1	0	0	1
kesempurnaan	1	1	0	2
keterpurukan	1	0	0	1
ketersediaan	1	0	1	2
kolonialisme	1	0	0	1
konvensional	1	0	0	1
leuwipanjang	1	0	0	1
mahasiswalah	1	0	0	1
melangkahkan	1	0	0	1
melengserkan	1	0	0	1
melindungkan	1	0	0	1
membenturkan	1	0	0	1
memberanikan	1	1	0	2
memenjarakan	1	0	0	1
18060419501	1	0	0	1
1940 - 1970	1	0	0	1
berkendaraan	1	0	0	1
electricity	1	0	0	1
ditakdirkan	1	0	0	1
ditempeleng	1	0	0	1
ditendangin	1	0	0	1
diterangkan	1	0	0	1
ditudingkan	1	0	0	1
ditumbuhkan	1	0	0	1
ditumpahkan	1	0	0	1
ditunjukkan	1	0	0	1
dituntaskan	1	0	0	1
dondokambey	1	0	0	1
enak-enakan	1	0	0	1
distrobitor	1	0	0	1
feeds-feeds	1	0	0	1
frofesional	1	0	0	1
gegerkalong	1	0	0	1
gerombolang	1	0	0	1
giachialato	1	0	0	1
gila-gilaan	1	0	0	1
gratifikasi	1	0	0	1
gubuk-gubuk	1	0	0	1
happy-happy	1	0	0	1
harap-harap	1	0	0	1
disubsitusi	1	0	0	1
diseusaikan	1	0	0	1
hebat-hebat	1	0	0	1
dilumpuhkan	1	0	0	1
diindonesia	1	0	1	2
diiris-iris	1	0	0	1
dijadwalkan	1	0	0	1
dikarantina	1	0	0	1
dikhususkan	1	0	0	1
dikorbankan	1	0	0	1
dikunjungan	1	0	0	1
dilayangkan	1	0	0	1
dilengkapin	1	0	0	1
dilenyapkan	1	0	0	1
dimenangkan	1	0	0	1
diseputaran	1	0	0	1
dinamanakan	1	0	0	1
dipedulikan	1	0	0	1
dipengaruhi	1	0	0	1
dipermodern	1	0	0	1
dipersekusi	1	0	0	1
dipinggiran	1	0	0	1
dipolisikan	1	0	0	1
dipuja-puja	1	0	0	1
dipuskesmas	1	0	0	1
dirimencoba	1	0	0	1
hati-hatian	1	0	0	1
henti-henti	1	0	0	1
abddurahman	1	0	0	1
kejengkelan	1	0	0	1
karya-karya	1	0	1	2
kayu-kayuan	1	0	0	1
kebanyakann	1	0	0	1
keberagaman	1	1	0	2
kecebongers	1	0	0	1
kedahsyatan	1	0	0	1
kedip-kedip	1	0	0	1
kedisplinan	1	0	0	1
kegoncangan	1	0	0	1
kejanggalan	1	0	0	1
kejer-kejer	1	0	0	1
kapal-kapal	1	0	0	1
kekreatifan	1	0	0	1
kelancangan	1	0	0	1
kelap-kelip	1	0	0	1
keleluasaan	1	0	0	1
kelengkapan	1	0	0	1
kelestarian	1	0	0	1
kemajemukan	1	0	0	1
kemandirian	1	0	0	1
kemaritiman	1	0	0	1
kepemilikan	1	0	0	1
karanganyar	1	0	0	1
kanak-kanak	1	0	0	1
hospitality	1	1	0	2
intolerance	1	0	0	1
hummingbird	1	0	0	1
hutan-hutan	1	0	0	1
ikut-ikutan	1	1	0	2
indrustrial	1	0	0	1
informative	1	0	0	1
injak-injak	1	0	0	1
insyaaallah	1	0	0	1
intel-intel	1	0	0	1
intergritas	1	0	0	1
interograsi	1	0	0	1
iseng-iseng	1	0	0	1
kampanyekan	1	0	0	1
jajan-jajan	1	1	0	2
jaman-jaman	1	0	0	1
jd000409334	1	0	0	1
jerit-jerit	1	0	0	1
jilat-jilat	1	0	0	1
juaranyalah	1	0	0	1
kakak-kakak	1	0	0	1
kakek-kakek	1	1	0	2
kalau-kalau	1	0	0	1
kamar-kamar	1	0	0	1
diiinginkan	1	0	0	1
dihari-hari	1	0	0	1
dihancurkan	1	0	0	1
berombongan	1	0	0	1
berdedikasi	1	0	0	1
berdempetan	1	0	0	1
berdiameter	1	0	0	1
berdomisili	1	0	0	1
berideologi	1	0	0	1
berjilidlah	1	0	0	1
berkalikali	1	0	0	1
berkelompok	1	0	0	1
berloncatan	1	0	0	1
berolahraga	1	0	0	1
berpendapat	1	0	0	1
bercitarasa	1	0	0	1
berproduksi	1	0	0	1
bersabarlah	1	0	0	1
berselonjor	1	0	0	1
bersemangat	1	0	0	1
bersembunyi	1	0	0	1
berstandard	1	0	0	1
berstruktur	1	0	0	1
bertetangga	1	0	0	1
besok-besok	1	0	0	1
bhayangkara	1	0	0	1
berdatangan	1	0	0	1
beratmosfir	1	0	0	1
dihamburkan	1	0	0	1
angin-angin	1	0	0	1
abdurrahman	1	0	0	1
abrek-abrek	1	0	0	1
accessories	1	0	0	1
afghanistan	1	0	0	1
agresivitas	1	0	0	1
ahokodokers	1	0	0	1
akal-akalan	1	0	0	1
alisjahbana	1	0	0	1
allohuakbar	1	0	0	1
amazingasli	1	0	0	1
anniversaru	1	0	0	1
benda-benda	1	0	0	1
anti-rizieq	1	0	0	1
antikorupsi	1	0	0	1
appointment	1	0	0	1
arisanmapan	1	0	0	1
bakmi-bakmi	1	0	0	1
banjarmasin	1	0	0	1
baso-basoan	1	0	0	1
batuk-batuk	1	0	0	1
batununggal	1	0	0	1
beeeeeeuuuh	1	0	0	1
bilik-bilik	1	0	0	1
binatanglah	1	0	0	1
bitterbalen	1	0	0	1
diapresiasi	1	0	0	1
cookingware	1	0	0	1
corporation	1	0	0	1
countryside	1	0	0	1
dahnilanzar	1	0	0	1
dalam-dalam	1	0	0	1
deliciosooo	1	0	0	1
delightfull	1	0	0	1
demokratlah	1	0	0	1
desak-desak	1	0	0	1
destination	1	0	0	1
diawal-awal	1	0	0	1
black-black	1	0	0	1
dibanggakan	1	0	2	3
dibegitukan	1	0	0	1
diberitakan	1	0	0	1
diboyongkan	1	0	0	1
dicampurkan	1	0	0	1
dicari-cari	1	0	0	1
dicontohkan	1	0	0	1
dideportasi	1	0	0	1
didominansi	1	0	0	1
digemparkan	1	0	0	1
continental	1	0	0	1
comot-comot	1	0	0	1
coffeejelly	1	0	0	1
ciumbeleuit	1	0	0	1
bodoh-bodoh	1	0	0	1
boedajangan	1	0	0	1
bosen-bosen	1	0	0	1
broadcaster	1	0	0	1
bubarkanfpi	1	0	0	1
budiwastono	1	0	0	1
bulutangkis	1	0	0	1
bunda-bunda	1	0	0	1
butek-butek	1	0	0	1
cabik-cabik	1	0	0	1
cabul-cabul	1	0	0	1
cacah-cacah	1	0	0	1
celebration	1	1	0	2
celimpungan	1	0	0	1
cendrawasih	1	0	0	1
centerpoint	1	0	0	1
cerahkanlah	1	0	0	1
cheesecakes	1	1	0	2
cholesterol	1	0	0	1
christopher	1	0	0	1
cikapundung	1	0	0	1
berkoar-koar	1	0	0	1
berkemampuan	1	0	0	1
promosikan	1	0	0	1
berkepribadian	1	0	0	1
sharing-sharing	1	0	0	1
tepung-tepungan	1	0	0	1
terburu-terburu	1	0	0	1
tripadvisor.com	1	0	0	1
tuduhan-tuduhan	1	0	0	1
tumbuh-tumbuhan	1	0	0	1
tumisan-tumisan	1	0	0	1
berdarah-darah	1	0	0	1
berkelok-kelok	1	0	0	1
berkepanjangan	1	0	0	1
berkonfrontasi	1	0	0	1
selesai-selesai	1	1	0	2
berkontemplasi	1	0	0	1
berkontradiksi	1	0	0	1
bermacet-macet	1	0	0	1
bermewah-mewah	1	0	0	1
bersilaturahim	1	0	0	1
berwarna-warni	1	0	0	1
biasa-biasanya	1	0	0	1
dideskripsikan	1	0	0	1
diidentifikasi	1	0	0	1
diinformasikan	1	0	0	1
sendiri-sendiri	1	1	0	2
sekecewa-kecewa	1	0	0	1
dipengembalian	1	0	0	1
pendopo-pendopo	1	0	0	1
menggelontorkan	1	0	0	1
mengkar-mengkar	1	0	0	1
menindaklanjuti	1	0	0	1
menteri-menteri	1	0	0	1
menunggu-nunggu	1	0	0	1
merengek-rengek	1	0	0	1
ornamen-ornamen	1	0	0	1
pameran-pameran	1	0	0	1
panggil-panggil	1	0	0	1
peluang-peluang	1	0	0	1
penulis-penulis	1	0	0	1
seafood-seafood	1	0	0	1
penyelenggaraan	1	0	0	1
penyiar-penyiar	1	0	0	1
periode-periode	1	0	0	1
pililah-pililah	1	0	0	1
pondok-pondokan	1	0	0	1
profesionalitas	1	0	0	1
program-program	1	1	0	2
project-project	1	0	0	1
ranting-ranting	1	0	0	1
seabreg-seabreg	1	0	0	1
diinvestasikan	1	0	0	1
direalisasikan	1	0	0	1
bandarlampung	1	0	0	1
tersempurnakan	1	0	0	1
pemandangannay	1	0	0	1
peristirahatan	1	0	0	1
representative	1	0	0	1
saradanpolitik	1	0	0	1
sosialisasikan	1	0	0	1
suryasoemantri	1	0	0	1
telekomunikasi	1	0	0	1
tergopoh-gopoh	1	0	0	1
terkagum-kagum	1	0	0	1
terpisah-pisah	1	0	0	1
transportation	1	0	0	1
merileksasikan	1	0	0	1
trirismaharini	1	0	0	1
022 - 2033172	1	0	0	1
022 - 2038829	1	0	0	1
adegan-adegan	1	0	0	1
agusyudhoyono	1	0	0	1
ajaran-ajaran	1	0	0	1
akanketagihan	1	0	0	1
anasir-anasir	1	0	0	1
anteng-anteng	1	0	0	1
astagfirullah	1	0	0	1
ngeliatinjalan	1	0	0	1
merekondasikan	1	0	0	1
disalahgunakan	1	0	0	1
memperbolehkan	1	0	0	1
disimplifikasi	1	0	0	1
dokumentasikan	1	0	0	1
iskandardinata	1	0	0	1
kesedarhaanaan	1	0	0	1
ketergantungan	1	0	0	1
ketidakcocokan	1	0	0	1
konstitusional	1	0	0	1
kulinerbdg.com	1	0	0	1
memberantaskan	1	0	0	1
memberitahukan	1	0	0	1
memperingatkan	1	0	0	1
menyesatkanlah	1	0	0	1
memperjuangkan	1	0	0	1
memperkenalkan	1	0	0	1
memperlihatkan	1	0	0	1
mempersendakan	1	0	0	1
menandatangani	1	0	0	1
mengalokasikan	1	0	0	1
mengintimidasi	1	0	0	1
menutenderloin	1	0	0	1
menyembunyikan	1	2	0	3
menyengsarakan	1	0	0	1
melihat-melihat	1	1	0	2
majalah-majalah	1	0	0	1
lukisan-lukisan	1	0	0	1
merchant-merchant	1	0	0	1
instansi-instansi	1	0	0	1
karyawan-karyawan	1	0	0	1
kebaikan-kebaikan	1	0	0	1
kenangan-kenangan	1	0	0	1
ketidakmengertian	1	0	0	1
mandiricare.co.id	1	0	0	1
mengalihfungsikan	1	0	0	1
mengerok-mengerok	1	0	0	1
mengkriminalisasi	1	0	0	1
mengobrol-ngobrol	1	0	0	1
merepresentasikan	1	0	0	1
dipanggil-panggil	1	0	0	1
pemimpin-pemimpin	1	1	1	3
penjahat-penjahat	1	0	0	1
penyanyi-penyanyi	1	0	0	1
perlahan-perlahan	1	0	0	1
petinggi-petinggi	1	0	0	1
punggung-punggung	1	0	0	1
sandwich-sandwich	1	0	0	1
sangkar-sangkaran	1	0	0	1
sebentar-sebentar	1	0	0	1
sentuhan-sentuhan	1	0	0	1
direkomendasiikan	1	0	0	1
cangkang-cangkang	1	0	0	1
lampion-lampion	1	0	0	1
keponakan-keponakan	1	1	0	2
smilingfacewithsmilingeyes	1	0	0	1
smilingfacewithsunglasses	1	0	0	1
pembangunan-pembangunan	1	0	0	1
permintaannya-tirto.id	1	0	0	1
downcastfacewithsweat	1	0	0	1
hahahahahahahahahahah	1	0	0	1
ilhamkhoirunnafik.com	1	0	0	1
keunggulan-keunggulan	1	0	0	1
winkingfacewithtongue	1	1	0	2
kehalifah-kehalifah	1	0	0	1
mengopak-mengopakan	1	0	0	1
binatang-binatang	1	0	0	1
perempuan-perempuan	1	0	0	1
searching-searching	1	0	0	1
bertingkat-tingkat	1	0	0	1
customercare.co.id	1	0	0	1
expressionlessface	1	0	0	1
menjungkirbalikkan	1	0	0	1
selambat-lambatnya	1	0	0	1
berdarah-berdarah	1	0	0	1
berprikemanusiaan	1	0	0	1
berturut-berturut	1	0	1	2
tayangan-tayangan	1	0	0	1
terakhir-terakhir	1	0	0	1
terkagum-terkagum	1	0	0	1
ditunjangdengan	1	0	0	1
counter-counter	1	0	0	1
daging-dagingan	1	0	0	1
dessert-dessert	1	0	0	1
didistribusikan	1	0	0	1
dipermasalahkan	1	0	0	1
diremang-remang	1	0	0	1
diselenggarakan	1	0	0	1
disempet-sempet	1	0	0	1
diskusi-diskusi	1	0	0	1
ditengah-tengah	1	0	0	1
djojohadikusumo	1	0	0	1
berkumpul-kumpul	1	0	0	1
ganteng-ganteng	1	0	0	1
gubukan-gubukan	1	0	0	1
hilang-hilangan	1	0	0	1
hincapandjaitan	1	0	0	1
intima-intimaan	1	0	0	1
jendral-jendral	1	0	0	1
kelepek-kelepek	1	0	0	1
kencang-kencang	1	0	0	1
kentang-kentang	1	0	0	1
keripik-keripik	1	0	0	1
cottage-cottage	1	0	0	1
congratulations	1	0	0	1
channel-channel	1	0	0	1
cemilan-cemilan	1	0	0	1
berkuraaaaaaaang	1	0	0	1
bernyanyi-nyanyi	1	0	0	1
bertanggungjawab	1	0	0	1
blanjatanpabeban	1	0	0	1
didiskualifikasi	1	0	0	1
diinggiiiiinnnnn	1	0	0	1
direkomemdasikan	1	0	0	1
diskriminalisasi	1	0	0	1
homecarealfamart	1	0	0	1
intercontinental	1	0	0	1
ketidaksinkronan	1	0	0	1
mempermasalahkan	1	0	0	1
terekomendasikan	1	0	0	1
berhati-berhati	1	0	0	1
berjild-berjild	1	0	0	1
bersebelahanlah	1	0	0	1
bertubi-bertubi	1	0	0	1
berubah-berubah	1	0	0	1
bl17116ga8k5inv	1	0	0	1
bpjskesehatanri	1	0	0	1
burung-burungan	1	0	0	1
bakar-bakaran	1	0	0	1
bangga-bangga	1	0	0	1
berkedudukan	1	0	0	1
pendayagunaan	1	0	0	1
ngomel-ngomel	1	0	0	1
panas-panasan	1	0	0	1
parpol-parpol	1	0	0	1
patung-patung	1	0	0	1
pemain-pemain	1	0	1	2
pemberantasan	1	0	1	2
pemberhentian	1	0	0	1
pemberontakan	1	0	0	1
pemerintahaan	1	0	0	1
penberitahuan	1	0	0	1
penggergajian	1	0	0	1
ngemis-ngemis	1	0	1	2
pengkhianatan	1	0	0	1
pengoperasian	1	0	0	1
penyelesaikan	1	0	0	1
perbincangkan	1	0	0	1
pernak-pernik	1	0	0	1
pilihanbanyak	1	0	0	1
pilihannyalah	1	0	0	1
pintar-pintar	1	0	0	1
produk-produk	1	1	0	2
produktivitas	1	0	0	1
ngoceh-ngoceh	1	0	0	1
nambah-nambah	1	0	0	1
rajasunda.com	1	0	0	1
mengkreasikan	1	0	0	1
memisah-misah	1	0	0	1
memperdulikan	1	0	0	1
memperebutkan	1	0	0	1
memperlakukan	1	0	0	1
mempromosikan	1	0	1	2
mendiskusikan	1	0	0	1
mengagendakan	1	0	0	1
mengelaborasi	1	0	0	1
menggratiskan	1	0	0	1
menggulingkan	1	0	0	1
mengolok-olok	1	0	0	1
mundur-mundur	1	0	0	1
mengondisikan	1	0	0	1
mengungkapkan	1	0	1	2
menjerumuskan	1	0	0	1
menyemarakkan	1	0	0	1
menyingkirkan	1	1	0	2
menyombongkan	1	0	0	1
merefleksikan	1	0	0	1
mgistimewakan	1	0	0	1
modern-modern	1	0	0	1
multikompleks	1	0	0	1
pulang-pulang	1	0	0	1
review-review	1	0	0	1
bangku-bangku	1	0	0	1
anniversarry	1	0	0	1
timur-timuran	1	0	0	1
tindaklanjuti	1	0	0	1
tinggalkanlah	1	0	0	1
tiramissunyaa	1	0	0	1
tjokroaminoto	1	0	0	1
tukar-tukaran	1	0	0	1
ucapan-ucapan	1	0	0	1
ulasan-ulasan	1	0	0	1
0361 9009796	1	0	0	1
alhamdulilah	1	1	0	2
antar-paslon	1	0	0	1
tersinpisrasi	1	0	0	1
architecture	1	0	0	1
aromateraphy	1	0	0	1
beraktifitas	1	0	0	1
beranekarasa	1	0	0	1
berdampingan	1	0	0	1
bergantungan	1	0	0	1
bergemericik	1	0	0	1
berinisiatif	1	0	0	1
beristirehat	1	0	0	1
berkecepatan	1	0	0	1
terverifikasi	1	0	1	2
tersedehanaan	1	0	0	1
ringan-ringan	1	0	0	1
simbol-simbol	1	1	0	2
rumah-rumahan	1	0	0	1
rustriningsih	1	0	0	1
samsunggiftid	1	0	0	1
seakan-seakan	1	0	0	1
sebenar-benar	1	0	0	1
sebusuk-busuk	1	0	0	1
selfie-selfie	1	0	0	1
semacet-macet	1	0	0	1
senyum-senyum	1	0	0	1
sepupu-sepupu	1	0	0	1
simpel-simpel	1	0	0	1
terpinggirkan	1	0	0	1
sinematografi	1	0	0	1
sudrajatasyik	1	0	0	1
tangan-tangan	1	0	0	1
tanjungpinang	1	0	0	1
tebak-tebakan	1	0	0	1
terekomendasi	1	0	0	1
terfermentasi	1	0	0	1
terjangkaulah	1	0	0	1
terkoordinasi	1	0	0	1
terorganosasi	1	0	0	1
memfavoritkan	1	0	0	1
memersepsikan	1	0	0	1
membelanjakan	1	0	0	1
diperintahkan	1	0	0	1
dengar-dengar	1	0	0	1
di-islamisasi	1	0	0	1
diambil-ambil	1	0	0	1
dielu-dieluan	1	0	0	1
digination.id	1	0	0	1
dikejar-kejar	1	0	0	1
dilihat-lihat	1	0	0	1
dimacem-macem	1	0	0	1
dipanggangkan	1	0	0	1
diperdebatkan	1	0	0	1
diperkenalkan	1	0	0	1
ceking-ceking	1	0	0	1
diperkenankan	1	0	0	1
diperlihatkan	1	0	0	1
dipertuhankan	1	0	0	1
dipikir-pikir	1	0	1	2
disebut-sebut	1	0	0	1
disempurnakan	1	0	0	1
disertifikasi	1	0	0	1
diskon-diskon	1	0	0	1
disupermarket	1	0	0	1
disuwir-suwir	1	0	0	1
cukong-cukong	1	1	0	2
cebong-cebong	1	1	0	2
meletus-letus	1	0	0	1
berkunjunglah	1	1	0	2
banyak-banyak	1	0	1	2
bareng-bareng	1	0	0	1
bedeng-bedeng	1	0	0	1
bentak-bentak	1	0	0	1
beragam-ragam	1	0	0	1
beranekaragam	1	0	0	1
bereksplorasi	1	0	0	1
berintegritas	1	0	0	1
berisitirahat	1	0	0	1
berkomunikasi	1	1	0	2
beroprasional	1	0	0	1
cantik-cantik	1	0	0	1
berpenampilan	1	0	0	1
berpengalaman	1	0	0	1
berpolitiklah	1	0	0	1
bersertifikat	1	0	0	1
besar-besaran	1	0	2	3
bragacitywalk	1	0	0	1
buncit-buncit	1	0	0	1
burung-burung	1	0	0	1
cabang-cabang	1	0	0	1
campur-campur	1	0	0	1
ditanya-tanya	1	0	0	1
ditungguinlah	1	0	0	1
diumbar-umbar	1	0	0	1
ketidakadilan	1	0	0	1
keingintahuan	1	0	0	1
keluar-keluar	1	0	0	1
kenyal-kenyal	1	0	0	1
kepala-kepala	1	0	0	1
kepemandangan	1	0	0	1
keramahtamaan	1	0	0	1
kerang-kerang	1	0	0	1
kereatiivitas	1	0	0	1
kerlip-kerlip	1	0	0	1
keterlambatan	1	0	0	1
ketidakpuasan	1	0	0	1
double-double	1	0	0	1
komputerisasi	1	0	0	1
konsep-konsep	1	0	0	1
konservatisme	1	0	0	1
kucing-kucing	1	0	0	1
langit-langit	1	0	0	1
lorong-lorong	1	0	0	1
mainan-mainan	1	0	0	1
mandat-mandat	1	0	0	1
mantep-mantep	1	0	0	1
matres-matres	1	0	0	1
keikutsertaan	1	0	0	1
kecil-kecilan	1	0	0	1
keberuntungan	1	0	0	1
karangsambung	1	0	0	1
eksklusifitas	1	0	0	1
entertainment	1	0	0	1
folder-folder	1	0	0	1
garing-garing	1	0	0	1
garinworkshop	1	0	0	1
gazebo-gazebo	1	0	0	1
gedung-gedung	1	0	0	1
goblooooooook	1	0	0	1
goyang-goyang	1	0	0	1
gr12290397000	1	0	0	1
gunung-gunung	1	0	0	1
hadap-hadapan	1	0	0	1
hitung-hitung	1	0	0	1
hormat-hormat	1	0	0	1
instragamable	1	0	0	1
internatioanl	1	0	0	1
irisan-irisan	1	0	0	1
jongos-jongos	1	0	0	1
kampus-kampus	1	0	0	1
kantor-kantor	1	0	0	1
karakteristik	1	0	0	1
kepribadian	1	0	0	1
kertanegara	1	0	0	1
kesanggupan	1	0	0	1
keheningan	1	0	0	1
kebersiham	1	0	0	1
kecelakaan	1	1	0	2
kecemplung	1	0	0	1
kecolongan	1	0	0	1
kedaulatan	1	0	0	1
kedengeran	1	0	0	1
kedepankan	1	0	0	1
kedewasaan	1	0	0	1
kedinginan	1	0	0	1
kegoblokan	1	0	0	1
keikhlasan	1	0	0	1
kebahagian	1	0	0	1
kekenyalan	1	0	0	1
kelancaran	1	0	0	1
kelembutan	1	0	0	1
kelingking	1	0	0	1
keluargaga	1	0	0	1
kemakmuran	1	0	0	1
kemalingan	1	0	0	1
kembalilah	1	0	0	1
kemendagri	1	0	0	1
kemeriahan	1	0	0	1
kebalikkan	1	0	0	1
keaimpulan	1	0	0	1
kepandaian	1	0	0	1
jatinangor	1	0	0	1
instastory	1	0	0	1
insyaalloh	1	0	0	1
interlokal	1	0	0	1
intervensi	1	0	0	1
intimidasi	1	0	0	1
intolerant	1	0	0	1
investment	1	0	0	1
irrasional	1	0	0	1
jaringanga	1	0	0	1
jatibarang	1	0	0	1
jatinegara	1	0	1	2
kasablanka	1	0	0	1
jiganasuki	1	0	0	1
juliantono	1	0	0	1
juliantoro	1	0	0	1
juntrungan	1	0	0	1
kabohidrat	1	0	0	1
kadangkala	1	0	0	1
kaderisasi	1	0	0	1
kalkulator	1	0	0	1
kapendekan	1	0	0	1
kapolresta	1	0	0	1
kemudahaan	1	0	0	1
kepedulian	1	0	0	1
memanggang	1	0	0	1
marmelaide	1	0	0	1
lengkapada	1	0	0	1
likuiditas	1	0	0	1
lluaaammaa	1	0	0	1
lumberjack	1	0	0	1
mabookkkkk	1	0	0	1
majalengka	1	1	0	2
manchester	1	0	0	1
manfaatkan	1	0	1	2
manipulasi	1	0	0	1
mapolresta	1	0	0	1
masyaallah	1	0	0	1
legislator	1	0	0	1
mearasakan	1	0	0	1
mechanical	1	0	0	1
medapatkan	1	0	0	1
melacurkan	1	0	0	1
melahirkan	1	2	2	5
melenggang	1	0	0	1
melibatkan	1	0	0	1
melihatkan	1	0	0	1
meluangkan	1	0	0	1
meluruskan	1	0	0	1
lembursitu	1	0	0	1
laaaammaaa	1	0	0	1
kepongahan	1	0	0	1
ketertiban	1	0	0	1
kerakyatan	1	0	0	1
keremangan	1	0	0	1
keritisasi	1	0	0	1
kesehataan	1	0	0	1
kesenangan	1	0	0	1
keseringan	1	0	0	1
keseriusan	1	0	0	1
kesulurhan	1	0	0	1
ketegangan	1	0	0	1
ketelitian	1	0	0	1
ketionghua	1	0	0	1
kronologis	1	0	0	1
kinestetik	1	0	0	1
komentarin	1	0	0	1
konservasi	1	0	0	1
konstelasi	1	0	0	1
konstitusi	1	0	0	1
konstruksi	1	0	0	1
kontestasi	1	0	1	2
kooperatif	1	0	0	1
korsleting	1	0	0	1
kretivitas	1	0	0	1
instagenic	1	0	0	1
inseminasi	1	0	0	1
innalillah	1	0	0	1
diramalkan	1	0	0	1
dipaitukur	1	0	0	1
dipakaikan	1	0	0	1
dipanggung	1	0	0	1
dipenegoro	1	0	0	1
diperbarui	1	0	0	1
dipercepat	1	0	0	1
diperparah	1	0	0	1
dipikirkan	1	2	0	3
dipompakan	1	0	0	1
diputuskan	1	0	0	1
diresepkan	1	0	0	1
dipadamkan	1	0	0	1
diseberang	1	0	0	1
disematkan	1	0	0	1
diserahkan	1	0	0	1
disertakan	1	0	0	1
disesatkan	1	0	0	1
disurabaya	1	0	0	1
disuroboyo	1	0	0	1
ditelusuri	1	0	0	1
ditentukan	1	0	0	1
diterapkan	1	1	0	2
dipadankan	1	0	0	1
dinyinyiri	1	0	0	1
innalilahi	1	0	0	1
dikonsumsi	1	0	0	1
dijanjikan	1	1	2	4
dijatuhkan	1	1	0	2
dijulurkan	1	0	0	1
dikabarkan	1	0	0	1
dikacaukan	1	0	0	1
dikaruniai	1	0	0	1
dikeliling	1	0	0	1
dikenalkan	1	0	0	1
diketawain	1	0	0	1
dikomplain	1	1	0	2
dilaporkan	1	0	0	1
dinyatakan	1	1	0	2
dilecehkan	1	0	0	1
dilemaskan	1	0	0	1
diliburkan	1	0	0	1
dimanjalan	1	0	0	1
dimelewati	1	0	0	1
dimemasang	1	0	0	1
dimonopoli	1	0	0	1
dimundurin	1	0	0	1
dinasihati	1	0	0	1
dinikmatin	1	0	0	1
ditertawai	1	0	0	1
ditikungan	1	0	0	1
dititipkan	1	0	0	1
hentiknlah	1	0	0	1
geomaritim	1	0	0	1
gerrrrobak	1	0	0	1
greenhouse	1	0	0	1
gubernuran	1	0	0	1
guesthouse	1	0	0	1
halusinasi	1	0	0	1
handicraft	1	0	0	1
haurpancuh	1	0	0	1
hegarmanah	1	1	0	2
helikopter	1	0	0	1
hergamanah	1	0	0	1
dituangkan	1	0	0	1
hipertensi	1	0	0	1
horizontal	1	0	0	1
huhuhuhuhu	1	0	0	1
huzarensla	1	1	0	2
hy4812100g	1	0	0	1
hyperpoint	1	0	0	1
impression	1	1	1	3
incredible	1	0	0	1
independen	1	0	0	1
ingredient	1	0	0	1
geographic	1	0	0	1
gemerlapan	1	0	0	1
gabenetasu	1	0	0	1
frencfries	1	0	0	1
dituliskan	1	0	0	1
diumpankan	1	0	0	1
diuninstal	1	0	0	1
diwajibkan	1	1	0	2
downloader	1	0	0	1
edunews.id	1	0	0	1
eksistensi	1	0	0	1
electronic	1	0	0	1
emandangan	1	0	0	1
enkaolshop	1	0	0	1
especially	1	0	0	1
eucalyptus	1	0	0	1
everything	1	0	0	1
excellence	1	0	0	1
fandalisme	1	0	0	1
fasilitias	1	0	0	1
fettuccine	1	0	0	1
foodstreet	1	0	0	1
foundation	1	0	0	1
franchisor	1	0	0	1
freeongkir	1	0	0	1
memalukkan	1	0	0	1
memasukkan	1	0	0	1
ketakadilan	1	0	0	1
pemotongan	1	0	0	1
pembanding	1	0	0	1
pembangkit	1	0	0	1
pembatalan	1	0	0	1
pembenahan	1	0	0	1
pemberitaa	1	0	0	1
pembiayaan	1	0	0	1
pemborosan	1	0	0	1
pembubaran	1	0	0	1
pembungkus	1	0	0	1
pemimpinan	1	0	1	2
pemotretan	1	0	0	1
pembajakan	1	0	0	1
penabrakan	1	0	0	1
penagdilan	1	0	0	1
penanggung	1	0	0	1
pencahayaa	1	0	0	1
pencalonan	1	0	0	1
pencegahan	1	0	1	2
penceramah	1	0	0	1
pendapatan	1	0	0	1
pendinging	1	0	0	1
pengadilan	1	0	0	1
pembamding	1	0	0	1
pembahasan	1	0	0	1
pengemulsi	1	0	0	1
paspampres	1	0	0	1
otentikasi	1	0	0	1
overcharge	1	0	0	1
padalarang	1	0	0	1
padaleunyi	1	0	0	1
pandjaitan	1	0	0	1
panggangan	1	0	0	1
panjangkan	1	0	0	1
parmegiana	1	0	0	1
parongpong	1	0	0	1
pascabayar	1	0	0	1
pedestrian	1	0	0	1
pembagunan	1	0	0	1
pegumungan	1	0	0	1
pekarangan	1	0	0	1
pelayaanan	1	0	0	1
pelayannan	1	0	0	1
pelayanpun	1	0	0	1
peluncuran	1	0	0	1
pemadangan	1	0	0	1
pemadnagan	1	0	0	1
pemandagan	1	0	0	1
pemanggang	1	0	0	1
pengembang	1	0	0	1
pengepakan	1	0	0	1
membacakan	1	0	0	1
pngmbalian	1	0	0	1
perniagaan	1	0	0	1
perombakan	1	0	0	1
perongrong	1	0	0	1
persaingan	1	0	0	1
persilakan	1	0	0	1
phillipina	1	0	0	1
photobooka	1	0	0	1
pilihanlah	1	0	0	1
playgorund	1	0	0	1
pluralisme	1	0	0	1
poffertjes	1	0	0	1
permohonan	1	0	0	1
poliovirus	1	0	0	1
popopotoan	1	0	0	1
preference	1	0	0	1
preferensi	1	0	0	1
premanisme	1	0	0	1
presentase	1	0	0	1
prewedding	1	0	0	1
priyambodo	1	0	0	1
problemlah	1	0	0	1
proklamasi	1	0	0	1
permusuhan	1	0	0	1
permainkan	1	0	0	1
penghalang	1	0	0	1
penyelamat	1	0	0	1
penghancur	1	0	0	1
penghilang	1	0	0	1
pengolahan	1	1	0	2
pengontrol	1	1	0	2
pengunjugn	1	0	0	1
penjarakan	1	0	0	1
pentingkah	1	0	0	1
penyajiaan	1	0	0	1
penyandang	1	0	0	1
penyediaan	1	0	0	1
penyerahan	1	1	0	2
perlombaan	1	0	0	1
penyerapan	1	0	0	1
penyuguhan	1	0	0	1
perantauan	1	0	0	1
percayakah	1	0	0	1
performers	1	0	0	1
pergerakan	1	2	0	3
pergeseran	1	0	0	1
perhelatan	1	0	0	1
perhentian	1	0	0	1
perlebaran	1	0	0	1
nonsmoking	1	0	0	1
ngeladenin	1	0	0	1
ngalembono	1	0	0	1
mengcancel	1	0	0	1
menenangka	1	0	0	1
meneriakan	1	0	0	1
menertawai	1	0	0	1
menfavorit	1	0	0	1
mengadopsi	1	0	0	1
mengadukan	1	0	0	1
mengafalin	1	0	0	1
mengalamai	1	0	0	1
mengampuni	1	0	0	1
menganggur	1	0	0	1
mengecwkan	1	0	0	1
menegakkan	1	0	0	1
mengerikan	1	0	0	1
mengexplor	1	0	0	1
menggaktau	1	0	0	1
menggalang	1	0	0	1
menggemari	1	0	0	1
menggolkan	1	0	0	1
menggoreng	1	0	0	1
menggumpal	1	0	0	1
menghambat	1	0	0	1
menghantui	1	0	0	1
menegaskan	1	0	0	1
mendirikan	1	0	0	1
nextdirect	1	0	0	1
memuasakan	1	0	0	1
membelikan	1	0	0	1
membentang	1	0	0	1
membership	1	0	0	1
membimbing	1	0	0	1
membuahkan	1	0	0	1
membuatkan	1	0	0	1
memerankan	1	0	0	1
memisahkan	1	0	0	1
memojokkan	1	0	0	1
memsungkan	1	0	0	1
memukulkan	1	0	0	1
mendadakan	1	0	0	1
memulihkan	1	0	0	1
memuluskan	1	0	0	1
memutarkan	1	0	0	1
menagihkan	1	0	0	1
menanggani	1	0	0	1
menanggung	1	0	0	1
menasehati	1	0	0	1
mencampuri	1	0	0	1
mencarikan	1	1	0	2
mencobalah	1	0	0	1
mengikuuti	1	0	0	1
mengimingi	1	0	0	1
mengkudeta	1	0	0	1
milkshakes	1	0	0	1
menyetting	1	0	0	1
menyimpang	1	0	0	1
menyisakan	1	0	1	2
menyumbang	1	0	0	1
menyungseb	1	0	0	1
meramaikan	1	0	0	1
merenovasi	1	0	0	1
meresmikan	1	0	0	1
merisaukan	1	0	0	1
mewakafkan	1	0	0	1
minimarket	1	0	0	1
mengontrol	1	0	0	1
montenegro	1	0	0	1
monthsarry	1	0	0	1
moratorium	1	0	0	1
musyawarah	1	0	0	1
nahdhiyyin	1	0	0	1
nahdiyykan	1	0	0	1
namanyanjg	1	0	0	1
narapidana	1	0	0	1
natadecoco	1	0	0	1
netralitas	1	1	0	2
menyeruput	1	0	0	1
menyerobot	1	0	0	1
menyendiri	1	0	0	1
menyelusup	1	0	0	1
menguatkan	1	0	0	1
mengujungi	1	0	0	1
mengulangi	1	0	0	1
mengunggah	1	0	0	1
mengungkap	1	0	0	1
mengunungi	1	0	0	1
menikmatin	1	0	0	1
meningkati	1	0	0	1
menistakan	1	0	0	1
menjunjung	1	0	0	1
menrayakan	1	0	0	1
menstruasi	1	0	0	1
mentalitas	1	0	0	1
menunggang	1	0	0	1
menurunkan	1	0	0	1
menyangkut	1	1	1	3
menyatukan	1	0	0	1
menyayangi	1	0	0	1
menyebakan	1	0	0	1
menyejukan	1	0	0	1
menyeluruh	1	0	0	1
dijaminlah	1	0	0	1
diingatkan	1	0	0	1
dihidupkan	1	0	0	1
onerepublic	1	0	0	1
ngangenikan	1	0	0	1
ngopi-ngopi	1	0	0	1
nilai-nilai	1	0	0	1
noerdayanti	1	0	0	1
non-alkohol	1	0	0	1
nutup-nutup	1	0	0	1
odong-odong	1	0	0	1
oishiiiiiii	1	0	0	1
okinomiyaki	1	0	0	1
omong-omong	1	0	0	1
operasional	1	1	0	2
mytelkomsel	1	1	0	2
orientation	1	0	0	1
ormas-ormas	1	0	0	1
outstanding	1	0	0	1
paket-paket	1	0	0	1
parah-parah	1	0	0	1
partnership	1	0	0	1
pasangangan	1	0	0	1
pasta-pasta	1	0	0	1
pattiseries	1	0	0	1
pecah-pecah	1	0	0	1
nenek-nenek	1	0	0	1
musuh-musuh	1	0	0	1
pelampiasan	1	0	0	1
menyongsong	1	0	0	1
menuntaskan	1	0	0	1
menyadarkan	1	0	0	1
menyambangi	1	0	0	1
menyegerkan	1	0	0	1
menyelimuti	1	0	0	1
menyenengil	1	0	0	1
menyerempet	1	0	0	1
menyesalkan	1	0	0	1
menyilaukan	1	0	0	1
menyinggung	1	1	0	2
menyuarakan	1	0	0	1
multifandom	1	0	0	1
menyurutkan	1	0	0	1
merek-merek	1	1	0	2
meringankan	1	0	0	1
meruntuhkan	1	0	0	1
merupapakan	1	0	0	1
mesum-mesum	1	0	0	1
mewacanakan	1	0	0	1
minangkabau	1	0	0	1
momen-momen	1	0	0	1
muararajeun	1	0	0	1
peggunungan	1	0	0	1
pelayanagan	1	0	0	1
dihasilkan	1	0	0	1
perjalanana	1	0	0	1
penyortiran	1	0	0	1
per-bintang	1	0	0	1
perancangan	1	0	0	1
perbelajaan	1	0	0	1
perbolehkan	1	0	0	1
perencanaan	1	0	0	1
pergelangan	1	0	0	1
perhubungan	1	1	0	2
peringatkan	1	0	0	1
perintahkan	1	0	0	1
perjuangkan	1	0	0	1
penyeimbang	1	0	0	1
perkuliahan	1	0	0	1
perkumpulan	1	0	0	1
permudahkan	1	0	0	1
persekitran	1	0	0	1
perseteruan	1	0	0	1
persetujuan	1	0	0	1
pertamakali	1	1	0	2
pertanyakan	1	0	0	1
pertengahan	1	1	0	2
pertumbuhan	1	2	0	3
penyesuaian	1	0	0	1
penyambutan	1	0	0	1
pelayanyaya	1	0	0	1
pengaktifan	1	0	0	1
pelit-pelit	1	0	0	1
pemancingan	1	0	0	1
pembaharuan	1	0	0	1
pembantaian	1	0	0	1
pembayarana	1	0	0	1
pemberontak	1	0	0	1
pemeriksaan	1	0	0	1
penangkapan	1	0	0	1
pendewasaan	1	0	0	1
pendompleng	1	0	0	1
pengambilan	1	0	0	1
penjurunkri	1	0	0	1
pengampunan	1	0	0	1
pengecutlah	1	0	0	1
pengeluaran	1	0	0	1
penggantian	1	0	2	3
penggodogan	1	0	0	1
penghabisan	1	0	0	1
pengilingan	1	0	0	1
pengusungan	1	0	0	1
peninggalan	1	0	1	2
penjemputan	1	0	0	1
menumbuhkan	1	0	0	1
menonjolkan	1	0	0	1
menjejakkan	1	0	0	1
melantunkan	1	0	0	1
main-mainan	1	0	0	1
malem-malem	1	0	0	1
mancanegara	1	1	1	3
manis-manis	1	0	0	1
marketplace	1	0	1	2
masak-masak	1	0	0	1
meceritakan	1	0	0	1
media-media	1	0	0	1
megapolitan	1	0	0	1
melakakukan	1	0	0	1
memarkirkan	1	0	0	1
magnificant	1	0	0	1
memasangkan	1	0	0	1
membangkang	1	0	0	1
memberantas	1	0	0	1
membiasakan	1	0	0	1
membolehkan	1	0	0	1
membubarkan	1	0	0	1
membunyikan	1	0	0	1
memengaruhi	1	0	0	1
mempelajari	1	1	0	2
mempercayai	1	0	0	1
maguwoharjo	1	0	0	1
macet-macet	1	0	0	1
menikmatiya	1	0	0	1
kristiyanto	1	0	0	1
keterlaluan	1	3	0	4
ketrampilan	1	0	0	1
kewilayahan	1	0	0	1
kilamangiro	1	0	0	1
kolam-kolam	1	0	0	1
komik-komik	1	0	0	1
konsentrasi	1	0	0	1
kontributif	1	0	0	1
kopi-kopian	1	0	0	1
kotak-kotak	1	0	0	1
lapor-lapor	1	0	0	1
macem-macem	1	1	0	2
lawan-lawan	1	1	0	2
lebay-lebay	1	0	0	1
lebih-lebih	1	0	1	2
lecet-lecet	1	0	0	1
lepak-lepak	1	0	0	1
level-level	1	0	0	1
leyeh-leyeh	1	0	0	1
lomba-lomba	1	0	0	1
longlasting	1	0	0	1
lucu-lucuan	1	0	0	1
memperindah	1	0	0	1
memperkeruh	1	0	0	1
memperkukuh	1	0	0	1
mengharukan	1	0	0	1
mengawinkan	1	0	0	1
mengcewekan	1	0	0	1
mengedukasi	1	0	0	1
mengenakkan	1	1	1	3
mengerakkan	1	0	0	1
mengerutkan	1	0	0	1
menggelitik	1	0	0	1
menggembung	1	0	0	1
menggunjing	1	0	0	1
menghampiri	1	1	0	2
menghinakan	1	0	0	1
mempertajam	1	0	0	1
mengibarkan	1	0	0	1
mengikatkan	1	0	0	1
mengimbangi	1	0	0	1
mengingkari	1	0	0	1
menginjakan	1	1	0	2
mengirimkan	1	0	1	2
mengonggong	1	0	0	1
mengumumkan	1	0	2	3
mengungguli	1	0	0	1
menhabiskan	1	0	0	1
mengasyikan	1	0	0	1
mengasikkan	1	0	0	1
mengantongi	1	0	0	1
menganalisa	1	0	0	1
memproduksi	1	1	0	2
memunculkan	1	0	0	1
memuntahkan	1	0	0	1
memusingkan	1	0	0	1
menaklukkan	1	0	0	1
mencemaskan	1	0	0	1
mendambakan	1	0	0	1
mendampingi	1	0	0	1
mendebarkan	1	0	0	1
mendekorasi	1	0	0	1
mendongkrak	1	0	0	1
menerbitkan	1	0	0	1
menetralkan	1	0	0	1
mengabarkan	1	0	0	1
mengabdikan	1	0	0	1
mengabulkan	1	0	0	1
mengaburkan	1	0	0	1
mengagetkan	1	0	0	1
mengalihkan	1	0	0	1
mengamalkan	1	0	0	1
mengaminkan	1	0	0	1
pikir-pikir	1	0	1	2
preliminary	1	0	0	1
prestasilah	1	0	0	1
bergejolak	1	0	0	1
beautifull	1	0	0	1
bekeliling	1	0	0	1
belajarlah	1	0	0	1
bentangkan	1	0	0	1
berbatasan	1	0	0	1
berceceran	1	0	0	1
berderetan	1	0	0	1
berekreasi	1	0	0	1
bergantian	1	0	0	1
bergantung	1	1	0	2
berkisaran	1	0	0	1
barramundi	1	0	0	1
berkurrang	1	0	0	1
bermanuver	1	0	0	1
bermusuhan	1	0	0	1
berpacaran	1	0	0	1
berpergian	1	0	0	1
berpikiran	1	0	0	1
berpotensi	1	0	0	1
bersanding	1	0	0	1
bersatulah	1	0	0	1
bersejarah	1	0	0	1
batanghari	1	0	0	1
barbershop	1	1	0	2
wadah-wadah	1	0	0	1
abolhassan	1	0	0	1
2936631580	1	0	0	1
3702190474	1	0	0	1
4110015187	1	0	0	1
6281283544	1	0	0	1
6281286503	1	0	0	1
6282198801	1	0	0	1
7106418181	1	0	0	1
8010448045	1	0	0	1
aapertizer	1	0	0	1
abdurahman	1	0	0	1
absolutely	1	0	0	1
barakallah	1	0	0	1
acceptable	1	0	0	1
adpertensi	1	0	0	1
akulturasi	1	0	0	1
appearance	1	0	0	1
artifisial	1	0	0	1
attractive	1	0	0	1
babatnyaaa	1	0	0	1
backpacker	1	0	0	1
bangkitlah	1	0	0	1
banyuwangi	1	1	0	2
berselimut	1	0	0	1
bersenjata	1	0	0	1
bersepakat	1	0	0	1
dibayarkan	1	0	0	1
cuppuchino	1	0	0	1
dalmatians	1	0	0	1
deliciosoo	1	0	0	1
delightful	1	0	0	1
di-explore	1	0	0	1
di-suggest	1	0	0	1
diakomodir	1	0	0	1
dibackcase	1	0	0	1
dibanyakin	1	0	0	1
dibatalkan	1	0	1	2
dibebankan	1	0	0	1
bersetubuh	1	0	0	1
diberbagai	1	0	0	1
dibintangi	1	0	0	1
dibohongin	1	0	0	1
dibumbukan	1	0	0	1
dicelupkan	1	0	0	1
digantikan	1	0	0	1
digratiska	1	0	0	1
dihadapkan	1	0	0	1
dihadirkan	1	1	0	2
dihaluskan	1	0	0	1
cumasayang	1	0	0	1
cukupanlah	1	0	0	1
cordonbleu	1	0	0	1
competitor	1	0	0	1
bersikeras	1	0	0	1
bersikukuh	1	0	0	1
bersuasana	1	1	0	2
bertemulah	1	0	0	1
bertengkar	1	0	0	1
bertingkah	1	0	0	1
bervairasi	1	0	0	1
blackpaper	1	0	0	1
bolognaize	1	0	0	1
bonekmania	1	0	0	1
california	1	0	0	1
cappuchino	1	0	0	1
cappuciono	1	0	0	1
carnivores	1	0	0	1
cengkareng	1	0	2	3
cheesecake	1	0	0	1
chocholate	1	0	0	1
christoper	1	0	0	1
cimbuleuit	1	1	0	2
citradream	1	0	0	1
coffelatte	1	0	0	1
waktu-waktu	1	0	0	1
venue-venue	1	0	0	1
programming	1	1	0	2
share-share	1	0	0	1
sayur-sayur	1	0	0	1
sebagaimana	1	0	0	1
segituanlah	1	0	0	1
sejuk-sejuk	1	0	0	1
sekeluaraga	1	0	0	1
semena-mena	1	0	0	1
sempurnakan	1	0	0	1
sensasional	1	0	0	1
sesederhana	1	0	0	1
seumur-umur	1	0	0	1
sidikkalang	1	0	0	1
sarsaparila	1	0	0	1
sikap-sikap	1	0	0	1
silaturahim	1	0	0	1
simatoepang	1	0	0	1
sistematika	1	0	0	1
sjamsoeddin	1	0	0	1
smilingface	1	0	0	1
soeryadjaya	1	0	0	1
soetardjana	1	0	0	1
sosialisasi	1	0	0	1
spectakuler	1	0	0	1
sawah-sawah	1	0	0	1
samgyeobsal	1	0	0	1
variatifdan	1	0	0	1
reastaurant	1	0	0	1
promo-promo	1	0	0	1
purbaleunyi	1	0	0	1
purnawarman	1	0	0	1
putuskanlah	1	0	0	1
pyschedelic	1	0	0	1
quessadilla	1	0	0	1
rapat-rapat	1	0	0	1
rapet-rapet	1	0	0	1
re-visiting	1	0	0	1
realitistis	1	0	0	1
rebus-rebus	1	0	0	1
salon-salon	1	0	0	1
reccomended	1	0	0	1
redup-redup	1	0	0	1
remah-remah	1	0	0	1
restorannya	1	0	0	1
ribet-ribet	1	0	0	1
ribut-ribut	1	0	0	1
rokomendasi	1	0	0	1
romantislah	1	0	0	1
ruang-ruang	1	0	0	1
sabar-sabar	1	0	0	1
sponsorship	1	0	0	1
spontanitas	1	0	0	1
steak-steak	1	0	0	1
tikus-tikus	1	0	0	1
terlihatlah	1	0	0	1
termanjakan	1	0	0	1
terpelihara	1	0	0	1
terpengaruh	1	0	0	1
terpikirkan	1	0	0	1
terpisahkan	1	0	0	1
terrperluan	1	0	0	1
terserahlah	1	0	0	1
tertukarlah	1	0	0	1
teruskanlah	1	0	0	1
tipis-tipis	1	0	0	1
suami-suami	1	0	0	1
tolakangkan	1	0	0	1
transluxury	1	0	0	1
tugas-tugas	1	0	0	1
tulungagung	1	0	0	1
turis-turis	1	0	0	1
ulama-ulama	1	0	0	1
unniversary	1	0	0	1
unpublished	1	0	0	1
upaya-upaya	1	0	0	1
ustad-ustad	1	1	0	2
terlewatkan	1	1	0	2
terletakndi	1	0	0	1
terkutuklah	1	0	0	1
terkejutlah	1	0	0	1
sudah-sudah	1	0	0	1
sudut-sudut	1	0	0	1
sugihburamg	1	0	0	1
suprisingly	1	0	0	1
susah-susah	1	1	0	2
syabu-syabu	1	0	0	1
taman-taman	1	0	0	1
tanjungpura	1	0	0	1
tanya-tanya	1	0	0	1
tebakantsel	1	0	0	1
temen-temen	1	0	0	1
tenderlorin	1	0	0	1
terbalaskan	1	0	0	1
tercerahkan	1	0	0	1
terdongkrak	1	0	0	1
terealisasi	1	1	0	2
tergadaikan	1	0	0	1
tergendaris	1	0	0	1
teristimewa	1	0	0	1
teritegrasi	1	0	0	1
terkalahkan	1	1	0	2
maskapai	1	0	2	3
dibenahi	1	0	0	1
masukkin	1	0	0	1
pukulin	1	0	0	1
prepare	1	0	0	1
presdir	1	0	0	1
primera	1	0	0	1
prinsip	1	0	0	1
printah	1	0	0	1
printer	1	0	0	1
probowo	1	0	0	1
progres	1	0	0	1
puasale	1	0	0	1
pujikan	1	0	0	1
punggir	1	0	0	1
pgaduan	1	0	0	1
purnama	1	2	0	3
pushami	1	0	0	1
putaran	1	0	0	1
raclete	1	0	0	1
ragukan	1	0	0	1
ragunan	1	0	0	1
railing	1	0	0	1
railway	1	0	0	1
rakhine	1	0	0	1
rakorda	1	0	0	1
prengus	1	0	0	1
pratomo	1	0	0	1
pratama	1	0	0	1
pramuka	1	1	2	4
pikirin	1	0	0	1
pimpina	1	0	0	1
pinalti	1	0	0	1
pinrang	1	0	0	1
pisahin	1	0	0	1
pitcher	1	0	0	1
piutang	1	0	0	1
plafond	1	0	0	1
platter	1	0	0	1
pnkanan	1	0	0	1
pohonan	1	0	0	1
pojokan	1	0	0	1
pokemon	1	0	0	1
polesan	1	0	0	1
ponakan	1	0	0	1
pooling	1	0	0	1
popcorn	1	0	1	2
popping	1	0	0	1
porcini	1	0	0	1
potatto	1	0	0	1
praktik	1	0	1	2
rammona	1	0	0	1
rancang	1	0	0	1
rancher	1	0	0	1
riasari	1	0	0	1
ringkas	1	0	0	1
ripcult	1	0	0	1
rniawan	1	0	0	1
roaming	1	0	0	1
roaster	1	0	0	1
romance	1	0	0	1
romansa	1	0	0	1
romatis	1	0	0	1
ronaldo	1	0	0	1
rontgen	1	0	0	1
rp1juta	1	0	0	1
ruaamee	1	0	0	1
rugilah	1	0	0	1
runsuki	1	0	0	1
rusmadi	1	0	0	1
sableng	1	0	0	1
saffron	1	0	0	1
sajadah	1	0	0	1
sakinah	1	0	0	1
saluran	1	0	0	1
samakan	1	0	0	1
richese	1	0	0	1
reuceuh	1	0	0	1
rangkap	1	0	0	1
respond	1	0	0	1
rangkul	1	0	0	1
raperda	1	0	0	1
rasalah	1	0	0	1
rasapun	1	0	0	1
rasyied	1	0	0	1
ratalah	1	0	0	1
rayakan	1	1	0	2
rebusan	1	1	0	2
redaksi	1	0	0	1
regensi	1	0	0	1
reguler	1	0	1	2
rekaman	1	0	0	1
rekomen	1	0	0	1
relakan	1	0	0	1
relawan	1	1	1	3
release	1	0	0	1
remorse	1	0	0	1
rempaha	1	0	0	1
rending	1	0	0	1
replika	1	0	0	1
replyan	1	0	0	1
pijaran	1	0	0	1
pewangi	1	0	0	1
sambung	1	0	0	1
pakatan	1	0	0	1
opisisi	1	0	0	1
oplosan	1	0	0	1
optimis	1	1	0	2
ornaman	1	0	0	1
outside	1	0	0	1
package	1	0	0	1
paforit	1	0	0	1
pagawai	1	0	0	1
pagawak	1	0	0	1
pahaman	1	1	0	2
palmbay	1	0	0	1
peuyeum	1	0	0	1
pamflet	1	0	0	1
pampung	1	0	0	1
pandaan	1	0	0	1
panekuk	1	0	0	1
pangdam	1	0	0	1
panggan	1	0	0	1
panggul	1	0	0	1
panitia	1	0	0	1
panutan	1	0	1	2
paradis	1	0	0	1
opinion	1	0	0	1
openair	1	0	0	1
ondosat	1	0	0	1
omanjuu	1	0	0	1
ngopdul	1	0	0	1
ngubrul	1	0	0	1
ngunyah	1	0	0	1
nikamat	1	0	0	1
nis-nis	1	0	0	1
niscaya	1	0	0	1
nitipin	1	0	0	1
njungai	1	0	0	1
njungin	1	0	0	1
nonstop	1	0	0	1
noortje	1	0	0	1
nunggak	1	0	0	1
nurbaya	1	0	0	1
nutrisi	1	0	0	1
nyaplok	1	0	0	1
nyattaa	1	0	0	1
nyobian	1	0	0	1
offside	1	0	0	1
okotrip	1	0	0	1
ole-ole	1	0	0	1
omangan	1	0	0	1
paralel	1	1	0	2
parking	1	0	0	1
partima	1	0	0	1
pencari	1	0	0	1
pendemo	1	0	0	1
pendiam	1	0	0	1
pendopo	1	0	0	1
peneman	1	0	0	1
penerus	1	1	0	2
penggal	1	1	0	2
pengisi	1	1	0	2
penjaja	1	0	0	1
perajut	1	0	0	1
perakat	1	0	0	1
perasan	1	0	0	1
perbuat	1	0	0	1
percasi	1	0	0	1
percent	1	0	0	1
perekor	1	0	0	1
perform	1	0	0	1
perling	1	0	0	1
persela	1	0	0	1
persiba	1	0	0	1
pesuruh	1	0	0	1
peuteuy	1	0	0	1
pendana	1	0	0	1
penanda	1	0	0	1
patrick	1	0	0	1
penanam	1	0	0	1
peamono	1	0	0	1
pecandu	1	0	0	1
pecinan	1	0	0	1
pecking	1	0	0	1
peepaya	1	0	0	1
pelepas	1	0	0	1
peletok	1	0	0	1
pelimik	1	0	0	1
pellets	1	0	0	1
pelukis	1	0	0	1
pemalas	1	0	0	1
pemanis	1	0	0	1
pembaca	1	0	0	1
pemeras	1	0	0	1
pemesan	1	0	0	1
peminum	1	0	0	1
pemisah	1	0	0	1
pemotor	1	0	0	1
pemusik	1	0	0	1
penahan	1	0	0	1
penalti	1	0	0	1
samalah	1	0	0	1
sampean	1	1	0	2
tertuju	1	1	0	2
sukarno	1	0	0	1
stoberi	1	1	0	2
stories	1	0	0	1
strecth	1	0	0	1
strudel	1	0	0	1
suaikhu	1	0	0	1
succses	1	0	0	1
sudjiwo	1	0	0	1
sugiana	1	0	0	1
sukaesi	1	0	0	1
sukalah	1	0	0	1
suksesi	1	0	0	1
sioamay	1	0	0	1
sukurin	1	0	0	1
sumbing	1	0	0	1
summary	1	0	0	1
sumoamg	1	0	0	1
sungkem	1	0	0	1
sunkist	1	0	0	1
suspend	1	0	0	1
susulan	1	0	0	1
susunan	1	0	0	1
suvenir	1	0	0	1
steakna	1	0	0	1
station	1	1	0	2
stasion	1	0	0	1
startup	1	0	0	1
sisters	1	0	0	1
siulkan	1	0	0	1
slipery	1	0	0	1
smbolis	1	0	0	1
smirnof	1	0	0	1
snegaja	1	0	0	1
snitzel	1	1	0	2
soehadi	1	0	0	1
sohabat	1	0	0	1
sok-sok	1	0	0	1
someday	1	0	0	1
someone	1	1	0	2
sondakh	1	0	0	1
soreang	1	0	0	1
sorting	1	0	0	1
souffle	1	0	0	1
speaker	1	0	1	2
spinner	1	0	0	1
spoiler	1	0	0	1
srimahi	1	0	0	1
stamina	1	0	0	1
swansea	1	0	0	1
sweping	1	0	0	1
syaiton	1	0	0	1
tegakan	1	0	0	1
teknisi	1	1	0	2
tekstil	1	0	0	1
tekukur	1	0	0	1
telinga	1	0	0	1
temanin	1	0	0	1
tempong	1	0	0	1
temurun	1	0	0	1
tenggak	1	0	0	1
tension	1	0	0	1
teramai	1	0	0	1
teratas	1	0	0	1
terbuai	1	0	0	1
terburu	1	0	0	1
terdapt	1	0	0	1
terdiam	1	0	0	1
terkian	1	0	0	1
terkini	1	0	1	2
terluas	1	0	0	1
terluka	1	0	0	1
terlzlu	1	0	0	1
ternate	1	0	0	1
tekenal	1	0	0	1
teenage	1	0	0	1
syekali	1	0	0	1
tedapat	1	0	0	1
syuhada	1	1	0	2
tabayun	1	0	0	1
tahapan	1	0	0	1
tahilah	1	0	0	1
tahunan	1	0	0	1
takiyah	1	0	0	1
tambora	1	0	0	1
tandain	1	0	0	1
tanding	1	0	1	2
tangani	1	0	0	1
tangguh	1	0	1	2
tangkal	1	0	0	1
tangkar	1	0	0	1
tangkas	1	1	0	2
tantang	1	1	0	2
tartare	1	0	0	1
taryana	1	0	0	1
tausiah	1	0	0	1
tawadhu	1	0	0	1
tawarin	1	0	0	1
teafren	1	0	0	1
sirizik	1	0	0	1
sinting	1	1	0	2
sampler	1	0	0	1
sehelai	1	0	0	1
sebotol	1	0	0	1
sebualn	1	0	0	1
sederet	1	0	0	1
sediain	1	0	0	1
sedotan	1	0	0	1
sedunia	1	0	0	1
segalas	1	0	0	1
segurih	1	0	0	1
sehebat	1	0	0	1
seheboh	1	0	0	1
sehigga	1	0	0	1
sinonim	1	0	0	1
seiprit	1	0	0	1
sekarat	1	0	0	1
sekeren	1	0	0	1
sekuler	1	0	0	1
selalin	1	0	0	1
selasar	1	0	0	1
selebar	1	0	0	1
selefel	1	0	0	1
selewat	1	0	0	1
selezat	1	0	0	1
sebener	1	0	0	1
sebalah	1	0	0	1
seauatu	1	0	0	1
seabreg	1	0	0	1
sampung	1	0	0	1
samurai	1	0	0	1
sanalah	1	0	0	1
sancang	1	0	0	1
sanggat	1	0	0	1
sanggau	1	0	0	1
sanwich	1	0	0	1
saphire	1	0	0	1
saragih	1	1	0	2
sarawak	1	0	0	1
sarinah	1	0	0	1
sarjana	1	0	1	2
sarwadi	1	0	0	1
saslick	1	0	0	1
satroni	1	0	0	1
saudari	1	0	0	1
scenery	1	1	0	2
scoglio	1	0	0	1
sdengan	1	0	0	1
se-enak	1	0	0	1
seabass	1	0	0	1
selisih	1	0	0	1
selusin	1	0	0	1
semarak	1	0	0	1
session	1	0	0	1
sesunda	1	0	0	1
setanah	1	0	0	1
setarah	1	0	0	1
setenar	1	1	0	2
setitik	1	0	0	1
setoran	1	0	0	1
sewakan	1	0	0	1
shaslik	1	0	0	1
shecuan	1	0	0	1
shields	1	0	0	1
shingga	1	0	0	1
shinmen	1	0	0	1
shiomay	1	0	0	1
sianida	1	0	0	1
siaplah	1	0	0	1
sigkong	1	0	0	1
signage	1	0	0	1
simcard	1	0	0	1
simpamg	1	0	0	1
sindang	1	0	0	1
sinergi	1	0	0	1
sesulit	1	1	0	2
seskoad	1	0	0	1
semenda	1	0	0	1
serutan	1	0	0	1
semenor	1	0	0	1
semiggu	1	0	0	1
seminar	1	0	0	1
semprot	1	0	1	2
semudah	1	0	0	1
semurah	1	0	0	1
senangi	1	0	0	1
sengkek	1	0	0	1
sepaket	1	0	0	1
sepanas	1	0	0	1
separah	1	0	0	1
separuh	1	0	0	1
sepekan	1	0	0	1
sepetak	1	0	0	1
sepetti	1	0	0	1
sepicik	1	0	0	1
sepreti	1	0	0	1
serakah	1	0	0	1
seramai	1	0	0	1
seremin	1	0	0	1
sererti	1	0	0	1
ngeunah	1	0	0	1
ngetest	1	0	0	1
ngeplay	1	0	0	1
kepulan	1	0	0	1
kekkian	1	0	0	1
kelamin	1	0	0	1
keluarg	1	0	0	1
kemakan	1	0	0	1
kemauan	1	0	0	1
ken-ken	1	0	0	1
kenalan	1	0	0	1
kenomor	1	0	0	1
kepenuh	1	0	0	1
kepting	1	0	0	1
keredok	1	0	0	1
jyu-jyu	1	0	0	1
keremes	1	0	0	1
kerikil	1	0	0	1
keroyok	1	0	0	1
kesalah	1	1	0	2
kesasar	1	0	0	1
kesinii	1	0	0	1
kesohor	1	0	0	1
kesumat	1	0	0	1
ketidak	1	0	0	1
ketimun	1	0	0	1
kekawah	1	0	0	1
keinget	1	0	0	1
keekian	1	0	0	1
kedelai	1	0	0	1
kafelah	1	0	0	1
kafirin	1	0	0	1
kafirun	1	0	0	1
kaforit	1	0	0	1
kalasan	1	0	0	1
kamping	1	0	0	1
karaage	1	0	0	1
karamba	1	0	0	1
karatan	1	0	0	1
karavan	1	0	0	1
karbela	1	0	0	1
karenan	1	0	0	1
karolin	1	1	0	2
karyawa	1	0	0	1
kastrol	1	0	0	1
katamya	1	0	0	1
kavling	1	0	0	1
kebawah	1	0	0	1
kebelet	1	0	0	1
kecelah	1	0	0	1
keciwis	1	0	0	1
ketuker	1	0	0	1
kfc-kfc	1	0	0	1
khadori	1	0	0	1
kukusan	1	0	0	1
kurusan	1	0	0	1
labamba	1	0	0	1
laksana	1	0	0	1
lalaban	1	0	0	1
lammaaa	1	0	0	1
lampaui	1	0	0	1
lancang	1	0	0	1
langkan	1	0	0	1
langkat	1	0	0	1
lanrtai	1	0	0	1
lanskap	1	0	0	1
lantang	1	0	0	1
lapindo	1	0	0	1
lareine	1	0	0	1
lasting	1	0	0	1
lasykar	1	0	0	1
laundry	1	0	0	1
layanai	1	0	0	1
leaving	1	0	0	1
legends	1	0	0	1
leimena	1	0	0	1
kultwit	1	0	0	1
ksatria	1	0	0	1
khasiat	1	0	0	1
kronyos	1	0	0	1
khedira	1	0	0	1
khianat	1	0	0	1
kibulin	1	0	0	1
kidding	1	0	0	1
kinanti	1	0	0	1
kingkow	1	0	0	1
kiputih	1	0	0	1
kiriman	1	0	0	1
kiyadon	1	0	0	1
kjarena	1	0	0	1
klikpay	1	0	0	1
kominfo	1	0	0	1
konfirm	1	0	0	1
kongres	1	0	0	1
kontrol	1	0	0	1
kosambi	1	0	0	1
kotakan	1	0	0	1
kpiting	1	0	0	1
kristus	1	0	0	1
kritisi	1	0	0	1
kroasia	1	0	0	1
kadanga	1	0	0	1
jurusan	1	0	0	1
ngeload	1	0	0	1
headset	1	0	1	2
hampiri	1	0	0	1
hamzonk	1	0	0	1
harimau	1	0	0	1
harmoni	1	0	0	1
harmony	1	0	0	1
harvest	1	1	0	2
haseumm	1	0	0	1
hatilah	1	0	0	1
hayoloh	1	0	0	1
hayyaaa	1	0	0	1
healing	1	0	0	1
juoosss	1	0	0	1
heheheh	1	0	0	1
hektare	1	0	0	1
highend	1	0	0	1
higiene	1	0	0	1
history	1	0	0	1
holland	1	2	0	3
hoplate	1	0	0	1
horison	1	0	0	1
horizon	1	0	0	1
hostess	1	0	0	1
hamburg	1	0	0	1
halimun	1	0	0	1
hajatan	1	0	0	1
hainama	1	0	0	1
gimmick	1	0	0	1
ginting	1	0	0	1
gituloh	1	0	0	1
glamour	1	0	0	1
go-food	1	0	0	1
gorilla	1	0	1	2
goulahs	1	0	0	1
granola	1	0	0	1
grapari	1	0	0	1
gratine	1	0	0	1
greeter	1	0	0	1
groupon	1	1	0	2
gubukan	1	0	0	1
gugatan	1	0	0	1
gunting	1	0	1	2
guramai	1	0	0	1
gurameh	1	0	0	1
habisin	1	0	0	1
hadapan	1	0	1	2
hahahaa	1	0	0	1
hahahha	1	0	0	1
hotplet	1	0	0	1
hujanan	1	0	0	1
husband	1	0	0	1
jaehwan	1	0	0	1
jahanam	1	0	0	1
jailkan	1	0	0	1
jambang	1	0	0	1
jangarr	1	0	0	1
janggal	1	0	0	1
jangrik	1	0	0	1
jariyah	1	0	0	1
jasmine	1	0	0	1
jelekin	1	0	0	1
jemuran	1	0	0	1
jenggot	1	0	0	1
jerigen	1	0	0	1
jikalau	1	0	1	2
jinping	1	0	0	1
jokowow	1	0	0	1
jombang	1	0	0	1
jongkok	1	0	0	1
journey	1	0	1	2
julukan	1	0	0	1
jungkat	1	0	0	1
jungkit	1	0	0	1
jagalah	1	0	0	1
jacuzzi	1	0	0	1
ibrahim	1	0	0	1
izinkan	1	0	0	1
idamkan	1	0	0	1
ide-ide	1	0	0	1
idiotic	1	0	0	1
imasepa	1	0	0	1
imbauan	1	0	0	1
improve	1	0	0	1
inaktiv	1	0	0	1
incaran	1	0	0	1
include	1	0	0	1
indahan	1	0	0	1
indodax	1	0	0	1
infeksi	1	0	0	1
infused	1	0	0	1
inhouse	1	0	0	1
inisial	1	0	0	1
insiden	1	0	0	1
instant	1	0	0	1
insting	1	0	0	1
intelek	1	0	0	1
iriawan	1	0	0	1
itengah	1	0	0	1
leluasa	1	1	1	3
lemburi	1	0	0	1
lencong	1	0	0	1
meracik	1	0	0	1
menilik	1	0	0	1
menimba	1	0	0	1
menodai	1	0	0	1
mentari	1	0	0	1
menteng	1	0	0	1
menyapa	1	0	0	1
menyapu	1	0	0	1
menyewa	1	1	0	2
menyuap	1	0	0	1
menyuus	1	0	0	1
merajut	1	0	0	1
lenteng	1	0	0	1
merakan	1	0	0	1
merasuk	1	0	0	1
merawat	1	0	0	1
merazia	1	0	0	1
merebak	1	0	0	1
meredam	1	0	0	1
meredup	1	1	0	2
merekah	1	0	0	1
merekan	1	0	0	1
meretas	1	0	0	1
menguap	1	0	0	1
mengopi	1	0	0	1
mengira	1	0	1	2
menetap	1	0	0	1
memenag	1	0	0	1
memeras	1	0	0	1
memfoto	1	0	0	1
memihak	1	0	0	1
memiiki	1	0	0	1
memikir	1	0	0	1
memilik	1	0	0	1
memilki	1	0	0	1
meminum	1	0	0	1
memudar	1	0	0	1
menantu	1	0	0	1
menapak	1	0	0	1
menaruh	1	0	0	1
menawar	1	0	0	1
mencaci	1	1	0	2
mencium	1	1	0	2
mencuat	1	0	0	1
mencuci	1	1	0	2
mendaur	1	0	0	1
mendemo	1	1	0	2
menebak	1	0	0	1
merilis	1	0	0	1
merosot	1	0	0	1
meskipu	1	0	0	1
musical	1	0	0	1
musuhan	1	0	0	1
myammar	1	0	0	1
naikkan	1	0	0	1
naikkin	1	0	0	1
nampool	1	0	0	1
nanamia	1	0	0	1
nandung	1	0	0	1
nasehat	1	0	0	1
nasrani	1	0	0	1
natrian	1	0	0	1
naungan	1	0	0	1
nawarin	1	0	0	1
nelepon	1	0	0	1
nendang	1	0	0	1
netflix	1	0	0	1
ngambek	1	0	0	1
nganter	1	0	0	1
ngantuk	1	0	0	1
ngebeer	1	0	0	1
ngegrup	1	0	0	1
ngehank	1	0	0	1
mustard	1	0	0	1
munurut	1	0	0	1
mexican	1	0	0	1
mungkar	1	0	0	1
miening	1	0	0	1
migrasi	1	0	0	1
milktea	1	0	0	1
million	1	0	0	1
minding	1	0	0	1
mindset	1	0	0	1
minggir	1	0	0	1
minumam	1	0	0	1
mirzani	1	1	0	2
mislove	1	0	0	1
moderen	1	0	0	1
mojitos	1	0	0	1
molotot	1	0	0	1
mongkey	1	0	0	1
mongkok	1	0	0	1
morning	1	0	1	2
morotin	1	0	0	1
motoran	1	0	0	1
muantab	1	0	0	1
muantap	1	0	0	1
muaskan	1	0	0	1
memeluk	1	1	0	2
membumi	1	0	0	1
membual	1	1	1	3
macaron	1	0	0	1
maczman	1	0	0	1
madajan	1	0	0	1
madakan	1	0	0	1
mahakam	1	0	0	1
mahalan	1	0	0	1
mahkluk	1	0	0	1
majukan	1	0	0	1
makanna	1	1	0	2
makarim	1	0	0	1
makasar	1	0	0	1
makhluk	1	1	0	2
maklumi	1	0	0	1
maksiat	1	0	0	1
maksude	1	0	0	1
malaria	1	0	0	1
malasan	1	0	0	1
maleman	1	0	0	1
mamikos	1	0	0	1
manapun	1	0	0	1
manasik	1	0	0	1
mancung	1	0	0	1
macetan	1	1	0	2
mabesau	1	0	0	1
mangkel	1	0	0	1
lumyaan	1	0	0	1
lestari	1	0	0	1
lgbtdan	1	0	0	1
liberal	1	0	0	1
liberia	1	0	0	1
library	1	0	0	1
liliput	1	0	0	1
lilitan	1	0	0	1
lineran	1	0	0	1
lingkar	1	0	0	1
lingkup	1	0	0	1
lintong	1	0	0	1
lipstik	1	0	0	1
liptint	1	0	0	1
loading	1	2	0	3
longsor	1	0	0	1
loyalis	1	0	0	1
lucinta	1	0	0	1
ludwick	1	0	0	1
lumayam	1	0	0	1
lumbung	1	0	0	1
lumpiah	1	0	0	1
manggil	1	0	0	1
manisan	1	0	0	1
membara	1	0	0	1
melacak	1	0	0	1
melapor	1	0	0	1
melatih	1	1	0	2
melawak	1	0	0	1
melebur	1	0	0	1
meledak	1	0	0	1
melemah	1	0	0	1
melepoh	1	0	0	1
meleset	1	0	0	1
meletus	1	0	0	1
melikan	1	0	0	1
melotot	1	0	0	1
melukis	1	0	0	1
melumat	1	0	0	1
memanah	1	0	0	1
memanen	1	0	0	1
memarin	1	0	0	1
memasuk	1	0	0	1
mematok	1	0	0	1
membabi	1	0	0	1
membagi	1	0	0	1
membaik	1	0	0	1
melaluo	1	0	0	1
mejawab	1	0	0	1
mansyur	1	0	0	1
mba-mba	1	0	0	1
mantaab	1	0	0	1
mantans	1	0	0	1
mantapp	1	0	0	1
mantion	1	0	0	1
mantips	1	0	0	1
marangi	1	0	0	1
marceil	1	0	0	1
marcell	1	0	0	1
mardani	1	0	0	1
markisa	1	0	0	1
markues	1	0	0	1
martens	1	0	0	1
masakah	1	0	0	1
masbulo	1	0	0	1
masyrkt	1	0	0	1
mataram	1	0	0	1
materai	1	0	0	1
matesih	1	0	0	1
matilah	1	0	0	1
matsuri	1	0	0	1
mau-mau	1	0	0	1
terrace	1	0	0	1
terukur	1	0	0	1
gillian	1	0	0	1
hidung	1	1	0	2
haraga	1	0	0	1
hargai	1	0	0	1
harina	1	0	0	1
hatset	1	0	0	1
helpul	1	0	0	1
hendro	1	0	0	1
heroik	1	0	0	1
hhhaha	1	0	0	1
hidaka	1	0	0	1
hidden	1	0	0	1
hinaan	1	0	0	1
gepeng	1	0	0	1
hindia	1	1	0	2
hiphop	1	0	0	1
hokben	1	0	0	1
holand	1	0	0	1
holder	1	0	0	1
horror	1	0	0	1
hotdog	1	0	0	1
hotpot	1	0	0	1
htilah	1	0	0	1
huaguo	1	0	0	1
hansip	1	0	0	1
handal	1	1	0	2
hanbok	1	0	0	1
hambat	1	0	0	1
gerung	1	0	0	1
gestur	1	0	0	1
gibran	1	0	0	1
gillee	1	0	0	1
ginian	1	0	0	1
gireng	1	0	0	1
godong	1	0	0	1
golput	1	0	0	1
gombal	1	0	0	1
goteng	1	0	0	1
grafis	1	0	0	1
greget	1	0	0	1
gresik	1	0	0	1
grogol	1	0	0	1
grosir	1	0	0	1
gunaka	1	0	0	1
gundul	1	0	0	1
gurita	1	1	0	2
haduuh	1	0	0	1
haidir	1	0	0	1
hajral	1	0	0	1
hujjah	1	0	0	1
humble	1	0	0	1
hunter	1	0	0	1
issued	1	0	0	1
itukah	1	0	0	1
itukan	1	0	0	1
jabata	1	0	0	1
jagain	1	0	0	1
jagong	1	0	0	1
jakart	1	0	0	1
jakrik	1	0	0	1
jamlah	1	0	0	1
jamuan	1	0	0	1
jancok	1	0	0	1
jangka	1	0	0	1
jawaba	1	0	0	1
jawara	1	0	0	1
jeketi	1	0	0	1
jember	1	0	5	6
jenaka	1	0	0	1
jengah	1	0	0	1
jenius	1	0	2	3
jepara	1	0	0	1
jerami	1	0	0	1
jesaya	1	0	0	1
itikad	1	0	1	2
island	1	1	0	2
husada	1	0	0	1
ironis	1	0	0	1
husein	1	0	0	1
hutama	1	0	0	1
iconic	1	0	0	1
ihtiar	1	0	0	1
ijtima	1	0	0	1
ikatan	1	0	0	1
ikhwan	1	0	0	1
illahi	1	0	0	1
ilmiah	1	0	0	1
imingi	1	0	0	1
iminum	1	0	0	1
impala	1	0	0	1
impian	1	0	0	1
inacor	1	0	0	1
ingaat	1	0	0	1
inimah	1	0	0	1
inipun	1	0	0	1
innova	1	0	0	1
inside	1	0	0	1
instal	1	0	0	1
iriani	1	0	0	1
gercik	1	0	0	1
genial	1	0	0	1
jiplak	1	0	0	1
editan	1	0	0	1
drajad	1	0	0	1
dsiini	1	0	0	1
duduki	1	0	0	1
duitan	1	0	0	1
dundes	1	0	0	1
dunkin	1	0	0	1
dupont	1	0	0	1
durasi	1	0	0	1
dzikir	1	0	0	1
easton	1	0	0	1
editor	1	0	0	1
gengsi	1	0	0	1
edward	1	0	0	1
eforia	1	0	0	1
eheehe	1	0	0	1
ehmmmm	1	0	0	1
eitsss	1	0	0	1
ejekan	1	0	0	1
ekeven	1	0	0	1
ekspor	1	1	0	2
elemen	1	0	0	1
eltari	1	0	0	1
doubel	1	0	0	1
dorang	1	0	0	1
donald	1	0	0	1
domino	1	0	0	1
dishny	1	0	0	1
disign	1	0	0	1
disisi	1	0	0	1
diskip	1	0	0	1
disney	1	0	0	1
disnob	1	0	0	1
distir	1	0	0	1
disuap	1	0	0	1
disuni	1	0	0	1
ditali	1	0	0	1
ditato	1	0	0	1
dituju	1	0	0	1
diukur	1	0	0	1
diulek	1	0	0	1
diurus	1	0	0	1
diving	1	0	0	1
dizoom	1	0	0	1
djoroe	1	0	0	1
dmulai	1	0	0	1
dnegan	1	0	0	1
doakan	1	0	0	1
empang	1	0	0	1
emping	1	0	0	1
endess	1	0	0	1
fruity	1	0	0	1
futsal	1	1	0	2
future	1	0	0	1
fuyung	1	0	0	1
gabaik	1	0	0	1
gaikut	1	0	0	1
galang	1	0	0	1
galian	1	0	0	1
ganjil	1	0	0	1
gapake	1	0	0	1
garong	1	0	0	1
gateau	1	0	0	1
gausah	1	0	0	1
gayaan	1	0	0	1
geblek	1	0	0	1
gebrak	1	0	0	1
gedean	1	0	0	1
gelang	1	0	0	1
gempar	1	0	0	1
gempor	1	0	0	1
gempur	1	0	0	1
gencar	1	0	0	1
fungka	1	0	0	1
frkasi	1	0	0	1
endeus	1	0	0	1
frappe	1	0	0	1
endues	1	0	0	1
enokii	1	0	0	1
entang	1	0	0	1
escudo	1	0	0	1
ethnic	1	0	0	1
euwueh	1	0	0	1
eviana	1	0	0	1
exotic	1	0	0	1
export	1	0	0	1
fadlil	1	0	0	1
faisal	1	0	0	1
faktur	1	0	0	1
famili	1	0	0	1
farhat	1	0	0	1
feodal	1	0	0	1
finger	1	0	0	1
flavor	1	0	1	2
flight	1	1	1	3
fluffy	1	0	0	1
folder	1	0	0	1
france	1	0	0	1
jimbon	1	0	0	1
jogger	1	0	0	1
terurai	1	0	0	1
losmen	1	0	0	1
lewati	1	0	0	1
liatin	1	0	0	1
libido	1	0	0	1
linari	1	0	0	1
lineri	1	0	0	1
liners	1	0	0	1
lionel	1	0	0	1
lively	1	0	0	1
lompat	1	0	0	1
loncat	1	0	0	1
lovely	1	0	0	1
kurban	1	0	0	1
loving	1	0	0	1
lucius	1	0	0	1
lukman	1	0	0	1
lukmen	1	0	0	1
lulung	1	0	0	1
lumpuh	1	0	0	1
lumrah	1	0	0	1
lumuri	1	0	0	1
lupaan	1	0	0	1
luqman	1	0	0	1
lesung	1	0	0	1
lerlip	1	0	0	1
lencon	1	0	0	1
lemper	1	0	0	1
kursus	1	0	2	3
kutang	1	0	0	1
ladies	1	0	0	1
lageee	1	0	0	1
lagian	1	0	0	1
lagoon	1	0	0	1
lajang	1	0	0	1
laluan	1	0	0	1
landai	1	0	0	1
langka	1	1	0	2
lantar	1	0	0	1
lantik	1	0	0	1
laudya	1	0	0	1
lautan	1	0	0	1
layana	1	0	0	1
lazana	1	0	0	1
lebihm	1	0	0	1
lekang	1	0	0	1
lekker	1	0	0	1
lelang	1	0	0	1
lemang	1	0	0	1
luxton	1	0	0	1
mabrur	1	0	0	1
madani	1	0	0	1
marvel	1	0	0	1
masaka	1	0	0	1
masala	1	0	0	1
masang	1	0	0	1
maslah	1	0	0	1
massal	1	1	0	2
master	1	0	0	1
mateng	1	2	0	3
materi	1	0	0	1
matkul	1	0	0	1
maulah	1	0	0	1
mbabro	1	0	0	1
mekkah	1	0	0	1
melaju	1	0	0	1
melani	1	0	0	1
melati	1	0	0	1
mellow	1	0	0	1
melody	1	0	0	1
melong	1	0	0	1
melonn	1	0	0	1
memadu	1	0	0	1
memamg	1	0	0	1
maryam	1	0	0	1
martin	1	0	0	1
madiun	1	1	0	2
maroef	1	0	0	1
madrid	1	1	2	4
magang	1	1	0	2
magnet	1	0	0	1
magnum	1	0	0	1
mahfud	1	0	0	1
maidah	1	0	0	1
majene	1	0	0	1
makeup	1	0	0	1
makruf	1	0	0	1
makyus	1	1	0	2
manado	1	1	0	2
manage	1	0	0	1
mandat	1	0	0	1
mangap	1	0	0	1
maniak	1	0	0	1
manjur	1	0	0	1
manner	1	1	0	2
mantau	1	0	0	1
manusl	1	0	0	1
manyar	1	0	0	1
mapple	1	0	0	1
kuring	1	0	0	1
kunyuk	1	0	0	1
jokoer	1	0	0	1
kecina	1	0	0	1
kapten	1	1	0	2
karcis	1	0	0	1
karimi	1	0	0	1
karina	1	0	0	1
karuan	1	0	0	1
karubi	1	0	0	1
katrok	1	0	0	1
kaulah	1	0	0	1
kebuli	1	0	0	1
kecapi	1	0	0	1
kecium	1	0	0	1
kultur	1	0	0	1
kehati	1	0	0	1
kejadi	1	0	0	1
keladi	1	0	0	1
kelola	1	0	1	2
keluat	1	0	0	1
kemayu	1	0	0	1
kempen	1	0	0	1
kempes	1	0	0	1
kencan	1	0	0	1
kendor	1	0	0	1
kanwil	1	0	0	1
kantuk	1	0	0	1
kanker	1	0	0	1
kandas	1	0	0	1
jokowo	1	0	0	1
jontor	1	0	0	1
juakan	1	0	0	1
jumper	1	0	0	1
junior	1	0	0	1
jurang	1	0	0	1
jurkam	1	0	0	1
justin	1	0	0	1
kabita	1	1	0	2
kacung	1	1	0	2
kadung	1	0	0	1
kajian	1	0	0	1
kalbar	1	2	0	3
kaleyo	1	0	0	1
kaling	1	0	0	1
kalori	1	0	0	1
kalung	1	0	0	1
kambuh	1	0	0	1
kamila	1	0	0	1
kampun	1	0	0	1
kanada	1	0	0	1
kendur	1	0	0	1
kening	1	0	0	1
kenken	1	0	0	1
kohesi	1	0	0	1
kolera	1	0	0	1
kolmas	1	0	0	1
kombes	1	0	0	1
komite	1	0	0	1
kompol	1	0	0	1
kongsi	1	0	0	1
konsul	1	0	0	1
kontan	1	0	0	1
kontes	1	0	0	1
kontol	1	1	0	2
kontor	1	0	0	1
kontra	1	1	0	2
kopong	1	0	0	1
kopral	1	0	0	1
kostan	1	0	0	1
kripik	1	0	0	1
kroket	1	4	0	5
ktp-el	1	0	0	1
kuarsa	1	0	0	1
kuchen	1	0	0	1
kudeta	1	0	0	1
kolang	1	0	0	1
kocoka	1	0	0	1
kepake	1	1	0	2
klinik	1	0	1	2
keping	1	0	0	1
kepris	1	0	0	1
kerana	1	0	0	1
kerdil	1	0	0	1
kerena	1	1	0	2
kerjaa	1	0	0	1
keruan	1	0	0	1
kesana	1	0	0	1
ketang	1	0	0	1
ketiwi	1	0	0	1
khatam	1	0	0	1
khilaf	1	0	0	1
khitan	1	0	0	1
kichen	1	0	0	1
kidang	1	1	0	2
kiemas	1	0	0	1
killer	1	1	0	2
kimono	1	0	0	1
kitchn	1	0	0	1
kitkat	1	0	0	1
klaton	1	0	0	1
disewa	1	0	0	1
disapu	1	0	0	1
diraba	1	0	0	1
ajudan	1	0	0	1
adlaha	1	0	0	1
aduhay	1	0	0	1
afarat	1	0	0	1
agamis	1	0	0	1
agatha	1	0	0	1
agihan	1	0	0	1
ahahha	1	0	0	1
aierra	1	0	0	1
aishah	1	0	0	1
ajiibb	1	0	0	1
akhlak	1	0	1	2
25.455	1	0	0	1
akhlaq	1	0	0	1
aktris	1	0	0	1
akulah	1	0	0	1
aladin	1	0	0	1
alamak	1	0	0	1
alexia	1	0	0	1
alexis	1	0	0	1
alfian	1	0	0	1
aliano	1	0	0	1
alipay	1	0	0	1
adegan	1	0	0	1
acungi	1	0	0	1
action	1	0	0	1
abiiis	1	0	0	1
29.000	1	0	0	1
2susun	1	0	0	1
39.000	1	0	0	1
40,000	1	0	0	1
40.500	1	0	0	1
44.545	1	0	0	1
45,000	1	0	0	1
45.000	1	0	0	1
47.273	1	0	0	1
49.000	1	0	0	1
50,000	1	0	0	1
52.500	1	0	0	1
55,000	1	0	0	1
58.000	1	0	0	1
6000an	1	0	0	1
75.000	1	0	0	1
77.000	1	0	0	1
80.000	1	0	0	1
90.000	1	0	0	1
a-emas	1	0	0	1
abalon	1	0	0	1
alpian	1	0	0	1
amalan	1	0	0	1
amanat	1	0	1	2
arifin	1	0	0	1
aroman	1	0	0	1
asmara	1	0	0	1
asrian	1	0	0	1
asumsi	1	1	0	2
asupan	1	0	0	1
asylum	1	0	0	1
atensi	1	0	0	1
aurora	1	0	0	1
austin	1	0	0	1
auvers	1	0	0	1
backup	1	0	0	1
badrut	1	0	0	1
bajing	1	0	0	1
bakmio	1	0	0	1
bakrie	1	0	0	1
baktau	1	0	0	1
balaca	1	0	0	1
balibu	1	0	0	1
baligo	1	0	0	1
bandit	1	0	0	1
bandng	1	0	0	1
armida	1	0	0	1
aqobah	1	0	0	1
amatir	1	0	0	1
aqidah	1	0	0	1
ambisi	1	0	0	1
ambook	1	0	0	1
amplop	1	0	0	1
analis	1	0	0	1
andika	1	0	0	1
andong	1	1	0	2
andrea	1	1	0	2
anemia	1	0	0	1
anggir	1	0	0	1
angina	1	0	0	1
angkut	1	0	0	1
aniaya	1	0	0	1
anisha	1	0	0	1
anneka	1	0	0	1
anonim	1	0	0	1
anteng	1	0	0	1
antimo	1	0	0	1
anting	1	0	0	1
antiti	1	0	0	1
apatis	1	0	0	1
aprkir	1	0	0	1
27.500	1	0	0	1
22.000	1	0	0	1
dipres	1	0	0	1
undakan	1	0	0	1
trinity	1	0	0	1
trouble	1	0	0	1
tulalit	1	0	0	1
tumbila	1	0	0	1
ubegebe	1	0	0	1
ucapkan	1	0	0	1
udarang	1	0	0	1
udayana	1	0	0	1
uenaaak	1	0	0	1
umpatan	1	0	0	1
ungguli	1	0	0	1
21.818	1	0	0	1
uruslah	1	0	0	1
usahlah	1	0	0	1
usulkan	1	0	0	1
usungan	1	0	0	1
vallley	1	0	0	1
vannila	1	0	0	1
vertigo	1	0	0	1
village	1	0	0	1
visited	1	0	0	1
vokalis	1	0	0	1
triniti	1	0	0	1
transit	1	1	0	2
trakhir	1	0	0	1
trainee	1	0	0	1
terurus	1	0	0	1
terusir	1	0	0	1
teryaka	1	0	0	1
tesedia	1	0	0	1
tetelan	1	2	0	3
tetesan	1	0	0	1
teutama	1	0	0	1
theatau	1	0	0	1
thelema	1	0	0	1
thender	1	0	0	1
tim-tim	1	0	0	1
timuran	1	0	0	1
titipan	1	0	0	1
titisan	1	0	0	1
toillet	1	0	0	1
tojokan	1	0	0	1
toloong	1	0	0	1
tonight	1	0	1	2
totally	1	0	0	1
tragedi	1	1	0	2
trailer	1	0	0	1
vulkano	1	0	0	1
wacabup	1	0	0	1
waffles	1	0	0	1
yasonna	1	0	0	1
zaadith	1	0	0	1
zakatin	1	0	0	1
ze520kl	1	0	0	1
zwitsal	1	0	0	1
10,000	1	0	0	1
102,36	1	0	0	1
115000	1	0	0	1
12.500	1	0	0	1
13,500	1	0	0	1
13.000	1	0	0	1
14.000	1	0	0	1
17.500	1	0	0	1
18.000	1	0	0	1
1800an	1	0	0	1
19.500	1	0	0	1
1920an	1	0	0	1
1970an	1	0	0	1
1978an	1	0	0	1
1990an	1	0	0	1
2007an	1	0	0	1
21,000	1	0	0	1
yougurt	1	0	0	1
yaallah	1	0	0	1
wahabbi	1	0	0	1
xpresso	1	0	0	1
waiting	1	0	0	1
waitres	1	0	0	1
wannabe	1	0	0	1
warorng	1	0	0	1
was-was	1	0	0	1
waskita	1	0	0	1
wattpad	1	0	1	2
weddang	1	0	0	1
weeding	1	0	0	1
wekeend	1	0	0	1
wekkend	1	0	0	1
westhof	1	0	0	1
whipped	1	0	0	1
wijilan	1	0	0	1
william	1	0	0	1
winarno	1	0	1	2
windows	1	0	0	1
wiranto	1	0	0	1
without	1	0	0	1
woowwww	1	0	0	1
wueenak	1	0	0	1
banged	1	0	0	1
banger	1	0	0	1
banjar	1	0	1	2
cooler	1	0	0	1
cnblue	1	0	0	1
cobaaa	1	0	0	1
coccok	1	0	0	1
coding	1	0	1	2
coffie	1	0	0	1
colors	1	0	0	1
combro	1	0	0	1
condet	1	0	0	1
conggo	1	0	0	1
cooker	1	0	0	1
corong	1	0	0	1
bantat	1	0	0	1
coupel	1	0	0	1
couple	1	0	0	1
cracky	1	0	0	1
credit	1	0	0	1
creeme	1	0	0	1
cremes	1	0	0	1
crepes	1	0	0	1
crowne	1	0	0	1
cukong	1	0	0	1
cumbui	1	0	0	1
closet	1	0	0	1
client	1	0	1	2
classy	1	0	0	1
clasic	1	0	0	1
chalid	1	0	0	1
charli	1	0	0	1
charta	1	0	0	1
chasan	1	0	0	1
chasau	1	0	0	1
chasiw	1	0	0	1
cheess	1	0	0	1
chemex	1	0	0	1
chessy	1	0	0	1
chiong	1	0	0	1
ciamis	1	0	0	1
cideng	1	0	0	1
cikole	1	0	0	1
cilaka	1	0	0	1
cilaki	1	0	0	1
cimory	1	0	0	1
cingur	1	0	0	1
ciplak	1	0	0	1
circus	1	0	0	1
cirebn	1	0	0	1
cisauk	1	0	0	1
dablek	1	0	0	1
dagang	1	1	0	2
dahsat	1	0	0	1
dibela	1	1	0	2
dibwah	1	0	0	1
dicaci	1	0	0	1
dicuci	1	0	0	1
didieh	1	0	0	1
didiri	1	0	0	1
digril	1	0	0	1
dihati	1	0	0	1
dijomb	1	0	0	1
dikaji	1	0	0	1
dikala	1	1	0	2
dilema	1	0	0	1
diliga	1	0	0	1
dimasa	1	0	0	1
dimenu	1	0	0	1
dinata	1	0	0	1
dinkes	1	0	0	1
dinoyo	1	0	0	1
dipagi	1	0	0	1
dipang	1	0	0	1
dipeti	1	0	0	1
dipoin	1	0	0	1
diburu	1	0	0	1
dibali	1	0	0	1
daring	1	0	0	1
diawal	1	0	0	1
dasuki	1	0	0	1
debgan	1	0	0	1
decide	1	0	0	1
decker	1	0	0	1
degung	1	0	0	1
deisti	1	0	0	1
dejava	1	0	0	1
dekade	1	0	0	1
dekaqt	1	0	0	1
delayg	1	0	0	1
demgan	1	0	0	1
denger	1	0	0	1
dengna	1	0	0	1
denyut	1	0	0	1
device	1	0	0	1
devisa	1	0	0	1
dhises	1	0	0	1
dholim	1	0	0	1
di-gya	1	0	0	1
diakan	1	0	0	1
diapit	1	0	0	1
cermat	1	0	0	1
cerish	1	0	0	1
cerdik	1	0	0	1
bemper	1	0	0	1
benhil	1	1	0	2
bentak	1	0	0	1
berjam	1	0	0	1
besarr	1	0	0	1
bestik	1	0	0	1
bestir	1	0	0	1
beuddd	1	0	0	1
beuuuh	1	0	0	1
beyond	1	0	0	1
bhakti	1	0	0	1
biawak	1	0	0	1
bihbul	1	0	0	1
binasa	1	0	0	1
binder	1	0	0	1
bingsu	1	0	0	1
binkom	1	0	0	1
binsar	1	0	0	1
birahi	1	0	0	1
bloody	1	0	0	1
bnaget	1	0	0	1
bodohi	1	0	0	1
bengis	1	0	0	1
bembab	1	0	0	1
bogana	1	0	0	1
bellva	1	0	0	1
bantet	1	0	0	1
bantul	1	0	0	1
banyam	1	0	0	1
barber	1	0	0	1
baring	1	0	0	1
barmil	1	0	0	1
baskso	1	0	0	1
basoan	1	0	0	1
basooo	1	0	0	1
basyid	1	0	0	1
batere	1	1	0	2
battye	1	0	0	1
bbrapa	1	0	0	1
beauty	1	0	0	1
bebeke	1	0	0	1
bedain	1	0	0	1
bekali	1	0	0	1
belaga	1	0	0	1
belaka	1	0	0	1
belgia	1	0	0	1
beliin	1	0	0	1
bodong	1	0	0	1
bohlam	1	0	0	1
cellar	1	0	0	1
busana	1	0	0	1
cacing	1	0	0	1
cakkan	1	0	0	1
called	1	0	0	1
calvin	1	0	0	1
cambuk	1	0	0	1
camera	1	0	1	2
camkan	1	1	0	2
campus	1	0	0	1
canggu	1	0	0	1
cannai	1	0	0	1
canopy	1	0	0	1
capcai	1	0	0	1
capjay	1	0	0	1
caplok	1	0	0	1
capruk	1	0	0	1
carrot	1	0	0	1
casing	1	0	0	1
castor	1	0	0	1
cawang	1	0	0	1
caysim	1	0	0	1
cekkan	1	0	0	1
bustro	1	0	0	1
buntel	1	0	0	1
bonbin	1	0	0	1
bundar	1	0	0	1
bondol	1	0	0	1
boowkk	1	0	0	1
bopeng	1	1	0	2
boring	1	0	0	1
borneo	1	0	0	1
bornga	1	0	0	1
brahim	1	0	0	1
brahma	1	0	0	1
brendi	1	0	0	1
brevet	1	0	0	1
brexit	1	0	0	1
bridal	1	0	0	1
bright	1	0	0	1
brizik	1	0	0	1
broken	1	0	0	1
btcher	1	0	0	1
bucher	1	0	0	1
bucket	1	0	0	1
budged	1	0	0	1
buffee	1	1	0	2
bukber	1	0	0	1
gimanaa	1	0	0	1
memburu	1	0	0	1
terorist	1	0	0	1
terasana	1	0	0	1
telusuri	1	0	0	1
tempanya	1	0	0	1
tempelan	1	0	0	1
tempolan	1	0	0	1
tenteram	1	0	0	1
teoppoki	1	0	0	1
terampil	1	0	0	1
terangan	1	0	0	1
terapung	1	0	1	2
terbagus	1	0	0	1
tunaikan	1	0	0	1
terbarat	1	0	0	1
terbawah	1	0	0	1
terbelah	1	1	0	2
tercecer	1	0	0	1
tercekik	1	0	0	1
tercemar	1	0	0	1
tercetus	1	0	0	1
terciduk	1	0	0	1
terdesak	1	1	0	2
tekankan	1	0	0	1
tegalega	1	1	0	2
tegakkan	1	0	0	1
tauladan	1	0	0	1
sumeragi	1	0	0	1
sundalah	1	0	0	1
sunquick	1	1	0	2
superman	1	0	0	1
surapati	1	0	0	1
surendes	1	0	0	1
susasana	1	0	0	1
sutrisno	1	0	0	1
syekalih	1	0	0	1
syukuran	1	0	0	1
takhayul	1	0	0	1
takigawa	1	0	0	1
tamarind	1	0	0	1
tamarkan	1	0	0	1
tambunan	1	0	0	1
tandeman	1	0	0	1
tangangi	1	0	0	1
tanggapi	1	0	0	1
tasteles	1	0	0	1
terdidik	1	0	0	1
terenyuh	1	0	0	1
terespon	1	0	0	1
teruntuk	1	0	0	1
teruslah	1	1	0	2
tetaplah	1	0	0	1
thankyou	1	0	0	1
thematic	1	0	0	1
thonlong	1	0	0	1
thousand	1	1	0	2
tinggian	1	0	0	1
tokocash	1	0	1	2
tonkotsu	1	0	0	1
toriyaki	1	0	0	1
tortilla	1	0	0	1
treasure	1	0	0	1
trending	1	0	0	1
tresemme	1	0	0	1
tudingan	1	0	0	1
tuliskan	1	0	0	1
tumbenan	1	0	0	1
tumpahan	1	0	0	1
tumpangi	1	0	0	1
teruskan	1	0	0	1
tertukar	1	0	0	1
terfikir	1	0	0	1
tertimpa	1	0	0	1
tergerus	1	0	0	1
tergesek	1	0	0	1
teritung	1	1	0	2
teriyake	1	0	0	1
terkahir	1	0	0	1
terkorup	1	0	0	1
terlezat	1	0	0	1
terlibas	1	0	0	1
termahal	1	0	0	1
termurah	1	0	0	1
terntara	1	0	0	1
terpedas	1	0	0	1
terpegah	1	1	0	2
terpikat	1	0	0	1
terrible	1	0	0	1
tersasar	1	0	0	1
tersulit	1	0	0	1
tersusun	1	0	0	1
tertahan	1	0	0	1
sukatani	1	0	0	1
sukarlan	1	0	0	1
sukarela	1	0	0	1
serawung	1	0	0	1
serengit	1	0	0	1
seribuan	1	0	0	1
serigala	1	0	0	1
sertijab	1	0	0	1
sesapian	1	0	0	1
sesendok	1	0	0	1
sesuapan	1	0	0	1
sesuikan	1	0	0	1
setandar	1	0	0	1
setasiun	1	0	0	1
setealah	1	0	0	1
setinggi	1	0	0	1
setuntas	1	0	0	1
shadaqta	1	0	0	1
shanghai	1	1	0	2
shasilik	1	0	0	1
sheraton	1	0	0	1
showcase	1	0	0	1
sibangke	1	0	0	1
serendah	1	0	0	1
serangga	1	0	0	1
sidogiri	1	0	0	1
serangan	1	0	0	1
selimuti	1	0	0	1
sellular	1	0	0	1
semantap	1	0	0	1
semburan	1	0	0	1
semerbak	1	0	0	1
semuamua	1	0	0	1
sengkuni	1	0	0	1
sensasin	1	0	0	1
sentiasa	1	1	0	2
senyaman	1	0	0	1
seokmkan	1	0	0	1
seonggok	1	0	0	1
sepadang	1	0	0	1
sepageti	1	0	0	1
sepakati	1	0	0	1
sepecial	1	0	0	1
sepintas	1	0	0	1
sepotong	1	0	0	1
seramkan	1	0	0	1
sidartha	1	0	0	1
silahkan	1	0	0	1
sukabumi	1	0	0	1
soemarno	1	0	0	1
soksikan	1	0	0	1
soksokan	1	0	0	1
somebody	1	0	0	1
sosialis	1	0	0	1
spacious	1	0	0	1
sparatis	1	0	0	1
sportify	1	0	0	1
srikandi	1	0	0	1
starback	1	0	0	1
stengkel	1	0	0	1
storberi	1	0	0	1
stratgis	1	0	0	1
strobery	1	0	0	1
strobrry	1	0	0	1
stroller	1	0	0	1
stronjer	1	0	0	1
struktus	1	0	0	1
sudrajad	1	0	0	1
suhendar	1	0	0	1
software	1	0	0	1
sodorkan	1	0	0	1
silandak	1	0	0	1
sociolla	1	0	0	1
silfanus	1	0	0	1
simbolis	1	0	0	1
simpedes	1	0	0	1
singapur	1	1	0	2
singgahi	1	0	0	1
singgung	1	0	0	1
sionalis	1	0	0	1
skaligus	1	0	0	1
skenario	1	0	0	1
skeneder	1	0	0	1
skincare	1	0	0	1
skitaran	1	0	0	1
slightly	1	0	0	1
slurpppp	1	0	0	1
smooties	1	0	0	1
smothies	1	0	0	1
sngatlah	1	0	0	1
snuggles	1	0	0	1
soalnyah	1	0	0	1
tumpukan	1	0	0	1
turunlah	1	0	0	1
selambat	1	0	0	1
bedakan	1	0	0	1
baratan	1	0	0	1
barulah	1	1	1	3
batator	1	0	0	1
batokok	1	0	0	1
battery	1	0	0	1
bawakan	1	0	0	1
bayagor	1	0	0	1
bayarin	1	0	0	1
beberpa	1	0	0	1
bedebah	1	0	0	1
unboxing	1	0	0	1
begawan	1	0	0	1
bekukan	1	0	0	1
belahan	1	1	0	2
belikan	1	0	0	1
beliung	1	0	0	1
belukar	1	0	0	1
bengkak	1	0	0	1
bengkok	1	0	0	1
bentunk	1	0	0	1
baperan	1	0	0	1
banjoer	1	0	0	1
banggai	1	0	0	1
bandunh	1	0	0	1
bachsin	1	0	0	1
bacotan	1	0	0	1
bagikan	1	0	1	2
bagusan	1	0	0	1
bagusdi	1	0	0	1
bagusin	1	0	0	1
baheula	1	0	0	1
baiklah	1	1	0	2
bakuteh	1	0	0	1
balacan	1	0	0	1
balapan	1	0	0	1
balesan	1	0	0	1
balkoni	1	0	0	1
baltika	1	0	0	1
balutan	1	2	0	3
bamsoet	1	0	0	1
bancaan	1	0	0	1
bandeng	1	0	0	1
bandrex	1	0	0	1
beramal	1	0	0	1
beranda	1	0	0	1
berasap	1	0	0	1
berkuda	1	0	0	1
berlogo	1	0	0	1
bermoto	1	0	0	1
bersari	1	0	0	1
bersaus	1	0	0	1
bersisa	1	0	0	1
bertepi	1	0	0	1
besaarr	1	0	0	1
besaran	1	0	0	1
besties	1	0	0	1
besutan	1	0	0	1
beubeuk	1	0	0	1
beuleum	1	0	0	1
bhineka	1	0	0	1
bianchi	1	0	0	1
biasaya	1	0	0	1
bigbang	1	0	0	1
bikinan	1	1	0	2
bimbang	1	0	0	1
bincang	1	1	0	2
berlaga	1	0	0	1
berkala	1	0	0	1
berbaik	1	0	0	1
berkaca	1	0	0	1
berbaju	1	0	0	1
berbatu	1	0	0	1
berbaur	1	0	0	1
berdasi	1	0	0	1
berdaun	1	0	0	1
berdaya	1	1	0	2
berdeda	1	0	0	1
berdemo	1	0	0	1
berduit	1	0	0	1
berduri	1	0	0	1
berebut	1	0	0	1
berenam	1	1	1	3
berenti	1	0	1	2
beresin	1	0	0	1
bergiat	1	0	0	1
bergizi	1	0	0	1
berhawa	1	0	0	1
berilmu	1	0	0	1
berjiwa	1	0	0	1
babinsa	1	0	0	1
awkward	1	0	0	1
atribut	1	1	0	2
workshop	1	0	0	1
yulianto	1	0	0	1
yumiiiii	1	0	0	1
zainudin	1	0	0	1
zimbabwe	1	0	0	1
zulfikri	1	0	0	1
100,000	1	0	0	1
1010128	1	0	0	1
147.500	1	0	0	1
190.000	1	0	0	1
200.000	1	0	0	1
200.001	1	0	0	1
2013824	1	0	0	1
2017111	1	0	0	1
2018010	1	0	0	1
2018091	1	0	0	1
205.000	1	0	0	1
210.000	1	0	0	1
230.351	1	0	0	1
231.000	1	0	0	1
yangasti	1	0	0	1
windface	1	0	0	1
260juta	1	0	0	1
wellcome	1	0	0	1
unilever	1	0	0	1
uninstal	1	0	1	2
uptodate	1	0	0	1
utarakan	1	0	0	1
utilitas	1	0	0	1
uzone.id	1	0	0	1
variasai	1	0	0	1
venustas	1	0	0	1
verified	1	0	0	1
vivalife	1	0	0	1
waiterss	1	0	0	1
wajarlah	1	0	0	1
wajiblah	1	0	0	1
waraskah	1	0	0	1
wariskan	1	0	0	1
warisman	1	0	0	1
wassalam	1	1	0	2
waterbom	1	0	0	1
weeekend	1	0	0	1
2497336	1	0	0	1
350.000	1	0	0	1
ataukah	1	0	0	1
amankan	1	0	0	1
ambient	1	0	0	1
amience	1	0	0	1
aminkan	1	0	0	1
amtenar	1	0	0	1
amunisi	1	0	0	1
anakpun	1	0	0	1
animasi	1	1	0	2
annoyed	1	0	0	1
anthony	1	0	0	1
apintel	1	0	0	1
aplouse	1	0	0	1
arabica	1	1	0	2
arianti	1	0	0	1
arrived	1	0	0	1
artikle	1	0	0	1
artiste	1	0	0	1
asemmya	1	0	0	1
asisten	1	0	2	3
aslilah	1	0	0	1
amasing	1	0	0	1
alpuket	1	0	0	1
500.000	1	0	0	1
alpokat	1	0	0	1
534.665	1	0	0	1
535.000	1	0	0	1
990.000	1	0	0	1
abaikan	1	0	0	1
abalone	1	0	0	1
absolut	1	0	0	1
abstain	1	0	0	1
abstrak	1	0	0	1
ada-ada	1	0	0	1
aebelum	1	0	0	1
agresif	1	0	0	1
airasia	1	0	0	1
ajiibbb	1	0	0	1
akhiran	1	0	0	1
akurasi	1	0	0	1
aldente	1	0	0	1
aliatas	1	0	0	1
alihkan	1	0	0	1
allsize	1	0	0	1
selektif	1	0	0	1
selamati	1	0	0	1
bitcoin	1	0	0	1
mukminat	1	0	0	1
momentum	1	0	0	1
monument	1	0	0	1
monyetin	1	0	0	1
morinaga	1	0	0	1
motorlah	1	0	0	1
mountain	1	0	0	1
mozarela	1	0	0	1
msaputra	1	0	0	1
muamalat	1	0	0	1
mukminin	1	0	0	1
paddling	1	0	0	1
multazam	1	0	0	1
mulyadii	1	0	0	1
muntaber	1	0	0	1
murasman	1	0	0	1
mushalla	1	0	0	1
mushroon	1	0	0	1
musician	1	0	0	1
muslimah	1	0	0	1
muslimat	1	0	0	1
mohammad	1	0	0	1
mocktail	1	0	0	1
mocacino	1	0	0	1
mndapati	1	0	0	1
merendam	1	0	0	1
merengek	1	0	0	1
merenung	1	0	0	1
meresapi	1	0	0	1
mereview	1	0	0	1
merevisi	1	0	0	1
meridhoi	1	0	0	1
mervhant	1	0	0	1
metallic	1	0	0	1
mewadahi	1	0	0	1
meyakini	1	0	0	1
mhasilkn	1	0	0	1
michaela	1	0	0	1
michelle	1	0	0	1
midnight	1	0	0	1
minerale	1	0	0	1
mingguan	1	0	0	1
minumann	1	0	0	1
mitigasi	1	0	0	1
mustahil	1	0	0	1
mutilasi	1	0	0	1
muzayyan	1	0	0	1
nongkong	1	0	0	1
nonsense	1	0	0	1
nopember	1	0	0	1
nungguin	1	0	0	1
nursijan	1	0	0	1
nyalakan	1	0	0	1
nyamping	1	0	0	1
nyinyiri	1	0	0	1
odjolali	1	0	0	1
oligarki	1	1	0	2
omnivora	1	0	0	1
orangtua	1	1	0	2
ordderan	1	0	0	1
oriflame	1	0	0	1
orisinal	1	0	0	1
outboond	1	0	0	1
outbound	1	1	0	2
ovaltine	1	0	0	1
overburn	1	0	0	1
overheat	1	0	0	1
nongrong	1	0	0	1
nongcans	1	0	0	1
namanaya	1	0	0	1
nobatkan	1	0	0	1
nangking	1	0	0	1
nasrudin	1	0	0	1
ngadepin	1	0	0	1
ngagenin	1	0	0	1
ngampung	1	0	0	1
nganggur	1	0	0	1
ngarepin	1	0	0	1
ngatasin	1	0	0	1
ngebacot	1	0	0	1
ngechant	1	0	0	1
ngejudge	1	0	0	1
ngekspor	1	0	0	1
ngeorder	1	0	0	1
ngetrend	1	0	0	1
ngetweet	1	0	0	1
nggilani	1	0	0	1
ngobatin	1	0	0	1
njelimet	1	0	0	1
njingkan	1	0	0	1
merembet	1	0	0	1
meredeem	1	0	0	1
merampok	1	0	0	1
membasmi	1	0	0	1
membotak	1	0	0	1
membulat	1	0	0	1
memegang	1	1	0	2
memftnah	1	0	0	1
memlilih	1	0	0	1
memotong	1	0	0	1
memotret	1	0	0	1
menaburi	1	0	0	1
menacoba	1	0	0	1
menaikan	1	0	0	1
mencalon	1	0	0	1
mencarak	1	0	0	1
mencekik	1	1	0	2
menceret	1	0	0	1
mencibir	1	0	0	1
mendagri	1	0	0	1
mendalam	1	0	0	1
mendekam	1	0	0	1
mendiang	1	0	0	1
membekas	1	1	0	2
membabet	1	0	0	1
menelpon	1	0	1	2
membabat	1	0	0	1
masuklah	1	0	0	1
materiil	1	0	0	1
maualana	1	0	0	1
mcflurry	1	0	0	1
meatball	1	0	0	1
megaplex	1	0	0	1
megatron	1	0	0	1
meikmati	1	0	0	1
melabrak	1	0	0	1
meladeni	1	0	0	1
melintir	1	0	0	1
meliputi	1	0	0	1
meloncat	1	0	0	1
melumuri	1	0	0	1
memaduki	1	0	0	1
memahami	1	0	1	2
memaknai	1	0	0	1
memantai	1	0	0	1
memantau	1	1	0	2
mendunia	1	0	0	1
menembus	1	0	0	1
merambat	1	0	0	1
menikmti	1	0	0	1
menjadih	1	0	0	1
menjalin	1	1	0	2
menjelek	1	0	0	1
menjurus	1	0	0	1
menopang	1	0	0	1
menterri	1	0	0	1
menunjuk	1	0	0	1
menuntas	1	0	0	1
menuruut	1	0	0	1
menyalip	1	0	0	1
menyebar	1	2	0	3
menyimak	1	0	0	1
menyogok	1	0	0	1
menyolok	1	0	0	1
menyorot	1	0	0	1
menyusui	1	0	0	1
menyusup	1	0	0	1
meracuni	1	0	0	1
meradang	1	0	0	1
menindas	1	0	0	1
menhadap	1	0	0	1
menemuka	1	0	0	1
mengusik	1	0	0	1
mengajar	1	1	0	2
mengalah	1	0	0	1
mengatas	1	0	0	1
mengecas	1	0	0	1
mengecil	1	0	0	1
mengejek	1	0	0	1
mengemas	1	0	0	1
mengerem	1	0	0	1
mengeruk	1	0	0	1
mengetuk	1	0	0	1
menggaet	1	0	0	1
menggaji	1	0	0	1
mengibul	1	0	0	1
mengigit	1	0	0	1
mengoceh	1	0	0	1
mengotak	1	0	0	1
mengukus	1	0	0	1
mengulas	1	0	0	1
mengulik	1	0	0	1
padasuka	1	0	0	1
padiciti	1	0	0	1
sekental	1	0	0	1
redtoran	1	0	0	1
rampokan	1	0	0	1
rariweuh	1	0	0	1
realitas	1	1	0	2
realized	1	0	0	1
recharge	1	0	0	1
recheese	1	0	1	2
recommed	1	0	0	1
recommen	1	0	0	1
redsdifo	1	0	0	1
register	1	0	0	1
pahamlah	1	0	0	1
rekayasa	1	0	0	1
rekomend	1	0	0	1
religius	1	1	0	2
rembesan	1	0	0	1
rentenir	1	0	0	1
renungan	1	0	0	1
reparasi	1	0	0	1
repeater	1	0	0	1
replying	1	0	0	1
rajiakan	1	0	0	1
rahadian	1	0	0	1
radjiman	1	0	0	1
qualitas	1	1	0	2
prajurit	1	0	0	1
predator	1	0	0	1
preloved	1	0	0	1
prenagen	1	0	0	1
prestige	1	0	0	1
priangan	1	0	0	1
prihatin	1	0	0	1
procesor	1	0	0	1
produsen	1	0	1	2
produser	1	0	0	1
progress	1	0	0	1
promosir	1	0	0	1
promoted	1	0	0	1
prumpung	1	0	0	1
pryangan	1	0	0	1
psikotes	1	0	0	1
pungutan	1	0	0	1
purnamai	1	0	0	1
puspitek	1	0	0	1
represif	1	0	0	1
republic	1	0	0	1
restoram	1	0	0	1
saparila	1	0	0	1
sarikaya	1	0	0	1
saringan	1	0	0	1
saschlik	1	0	0	1
sasongko	1	0	0	1
sayangan	1	0	0	1
sayangat	1	0	0	1
sayiuran	1	0	0	1
schnitze	1	0	0	1
sebabkan	1	0	0	1
sebegitu	1	0	0	1
sebutkan	1	0	0	1
sedaerah	1	0	0	1
segitiga	1	0	0	1
segudang	1	0	0	1
seikhlas	1	0	0	1
seimbamg	1	0	0	1
sekantor	1	0	0	1
sekaramg	1	0	0	1
sekecewa	1	0	0	1
saratoga	1	0	0	1
sanubari	1	0	0	1
restroom	1	0	0	1
santunan	1	0	0	1
retorika	1	0	0	1
rhuzanul	1	0	0	1
rimbunan	1	0	0	1
roastery	1	0	0	1
robongan	1	0	0	1
rohayani	1	0	0	1
romastis	1	0	0	1
rosemary	1	0	0	1
rosewood	1	0	0	1
runtutan	1	0	0	1
ruzhanul	1	0	0	1
sabotase	1	0	0	1
sachlick	1	0	0	1
saksikan	1	0	0	1
salahkah	1	0	0	1
salatkan	1	0	0	1
samedays	1	0	0	1
sandaran	1	0	0	1
sangking	1	0	0	1
powerful	1	0	0	1
postcard	1	0	1	2
porridge	1	0	0	1
pebruari	1	0	0	1
pelankan	1	0	0	1
pelayann	1	1	0	2
pelbagai	1	0	0	1
pelihara	1	0	0	1
pemainan	1	0	0	1
pemalang	1	0	2	3
pematang	1	0	0	1
pembatas	1	0	0	1
peminpin	1	0	0	1
pencabul	1	0	0	1
pencetus	1	0	0	1
penculik	1	0	0	1
pendekar	1	1	0	2
pengajar	1	0	0	1
pengaruh	1	0	0	1
pengecer	1	0	0	1
penghias	1	0	0	1
pengirim	1	0	0	1
pengolah	1	0	0	1
pegangan	1	0	0	1
pebisnis	1	0	0	1
penindak	1	0	0	1
peaceful	1	0	0	1
painting	1	0	0	1
paketkan	1	0	0	1
pakistan	1	0	0	1
palaguna	1	0	0	1
palsukan	1	0	0	1
panaitan	1	0	0	1
pancakes	1	0	0	1
pancaran	1	0	0	1
pancious	1	0	0	1
pancoran	1	0	0	1
pangeran	1	0	0	1
pankreas	1	0	0	1
pantomim	1	0	0	1
panwaslu	1	0	0	1
parkview	1	0	0	1
parmegio	1	0	0	1
paruitan	1	0	0	1
pasundan	1	0	0	1
patungan	1	0	0	1
pengundi	1	0	0	1
peniting	1	0	0	1
poolside	1	0	0	1
pertamax	1	0	0	1
pesbuker	1	0	0	1
peternak	1	0	0	1
petromak	1	0	0	1
phillips	1	0	0	1
pictures	1	0	0	1
pilgubri	1	0	0	1
pillihan	1	0	0	1
pindakan	1	0	0	1
pingpong	1	0	0	1
piyungan	1	0	0	1
pizzeria	1	0	0	1
plasyset	1	0	0	1
playanan	1	0	0	1
pndukung	1	0	0	1
pngacara	1	0	0	1
pokatiam	1	0	0	1
pokdakan	1	0	0	1
politika	1	0	0	1
pomodoro	1	0	0	1
pesaingn	1	0	0	1
persetan	1	0	0	1
penjabat	1	0	0	1
persepsi	1	0	0	1
penjajah	1	0	1	2
penolong	1	1	0	2
penonton	1	1	1	3
pentolan	1	0	0	1
penuhkan	1	0	0	1
penyajia	1	0	0	1
penyedia	1	0	0	1
penyidik	1	0	0	1
per-enam	1	0	0	1
perapian	1	0	0	1
perbesar	1	0	0	1
perempat	1	0	0	1
perfecto	1	1	0	2
perintah	1	0	1	2
periodik	1	0	0	1
perlukah	1	0	0	1
perlukan	1	0	0	1
permanen	1	0	0	1
perpadua	1	0	0	1
biskuit	1	0	0	1
rugikan	1	0	0	1
chantik	1	0	0	1
enakkan	1	0	0	1
direbut	1	0	0	1
cibabat	1	0	0	1
dibobol	1	0	0	1
faforit	1	0	0	1
chuanki	1	0	0	1
faktual	1	0	0	1
chkcken	1	0	0	1
dibujuk	1	0	0	1
chitato	1	0	2	3
chintya	1	0	0	1
dirajam	1	0	0	1
fariasi	1	0	0	1
diracun	1	0	0	1
fatayat	1	0	0	1
cheaper	1	0	0	1
fathoni	1	0	0	1
dibully	1	0	0	1
chciken	1	0	0	1
fauckri	1	0	0	1
diracik	1	0	0	1
chatime	1	0	1	2
cicadas	1	0	0	1
cicipin	1	1	0	2
dibidik	1	0	0	1
erangan	1	0	0	1
ciwedei	1	0	0	1
direkam	1	1	0	2
ciseeng	1	0	0	1
english	1	0	0	1
ciroyom	1	0	0	1
ciparia	1	0	0	1
cipanas	1	0	0	1
envoice	1	0	0	1
epaspor	1	0	0	1
espreso	1	0	0	1
fadelie	1	0	0	1
cincong	1	0	0	1
etalase	1	0	0	1
euforia	1	0	0	1
dibenci	1	0	0	1
exclude	1	1	0	2
dibesuk	1	0	0	1
excotis	1	0	0	1
cihuuuy	1	0	0	1
expired	1	0	1	2
chaotic	1	0	0	1
diputar	1	0	0	1
dipusat	1	0	0	1
dinista	1	0	0	1
caruban	1	1	0	2
dicicip	1	0	0	1
carilah	1	0	0	1
caravan	1	1	0	2
fixture	1	0	0	1
capsule	1	0	0	1
diciduk	1	1	0	2
dipergi	1	0	0	1
dipatok	1	0	0	1
cangkan	1	0	0	1
fitness	1	0	0	1
dicinta	1	0	0	1
floewer	1	0	0	1
calzone	1	1	0	2
calling	1	0	0	1
callind	1	0	0	1
flyover	1	0	0	1
dicocok	1	0	0	1
calista	1	0	0	1
dimusim	1	0	0	1
casabao	1	0	0	1
fishing	1	0	0	1
chamber	1	0	0	1
central	1	0	0	1
dicatut	1	0	0	1
dipugar	1	0	0	1
dicecar	1	0	0	1
febuari	1	0	0	1
cha-cha	1	0	0	1
fhasion	1	0	0	1
dicegah	1	0	0	1
cepetan	1	0	0	1
century	1	0	0	1
cengkeh	1	0	0	1
dicetak	1	0	0	1
dipoles	1	0	0	1
cecurut	1	0	0	1
dicegat	1	0	0	1
dicekal	1	0	0	1
dicelup	1	0	0	1
dipolda	1	0	0	1
castrol	1	0	0	1
fintect	1	0	0	1
cascade	1	0	0	1
endorse	1	0	0	1
emperan	1	0	0	1
butuuhh	1	0	0	1
ciwulan	1	0	0	1
ditaman	1	0	0	1
culatuk	1	0	0	1
demilah	1	0	0	1
doktrin	1	0	0	1
dokumen	1	0	0	1
cruiser	1	0	0	1
donalds	1	0	0	1
credits	1	0	0	1
dongkok	1	0	0	1
ditabur	1	0	0	1
disusun	1	0	0	1
dpd-dpd	1	0	0	1
courier	1	0	0	1
denmark	1	0	0	1
drainer	1	0	0	1
dermaga	1	0	0	1
couples	1	0	0	1
disuatu	1	0	0	1
di-pack	1	0	0	1
countur	1	0	0	1
diadili	1	0	0	1
ditebas	1	0	0	1
culture	1	0	0	1
doeleoe	1	0	0	1
ditelan	1	0	0	1
diwaktu	1	1	0	2
ditumis	1	0	0	1
dangdut	1	0	0	1
dituduh	1	1	0	2
ditmbah	1	0	0	1
diterpa	1	2	0	3
dalamya	1	0	0	1
ditepuk	1	0	0	1
diteman	1	0	0	1
decline	1	0	0	1
djuanda	1	0	0	1
dagingu	1	0	0	1
dagelan	1	0	0	1
cutomer	1	0	0	1
cutlery	1	0	0	1
ditegur	1	0	0	1
cushion	1	0	0	1
curangi	1	0	0	1
ditebus	1	0	0	1
djausal	1	0	0	1
disinih	1	0	0	1
duetkan	1	0	0	1
diadora	1	0	0	1
dibajak	1	0	0	1
eleghan	1	0	0	1
concern	1	0	0	1
compeni	1	0	0	1
emnarik	1	0	0	1
dibabat	1	0	0	1
coctail	1	0	1	2
dibacok	1	0	0	1
cluster	1	0	0	1
clemons	1	0	0	1
dirusak	1	0	0	1
ekstrim	1	1	0	2
emosian	1	0	0	1
clemens	1	0	0	1
dirubah	1	0	0	1
diriver	1	0	0	1
clearly	1	0	0	1
dirilah	1	0	0	1
diresto	1	0	0	1
classis	1	0	0	1
clarion	1	0	0	1
diawasi	1	0	0	1
disebar	1	0	0	1
corolla	1	0	0	1
disikat	1	0	0	1
duharti	1	0	0	1
diajari	1	0	1	2
diakhir	1	0	0	1
duniawi	1	1	0	2
dzolimi	1	0	0	1
edition	1	0	0	1
coretan	1	0	0	1
coollah	1	0	0	1
effendy	1	0	0	1
eka-eki	1	0	0	1
control	1	0	0	1
cookies	1	0	0	1
dialiri	1	0	0	1
diamkan	1	0	0	1
diaudit	1	0	0	1
diawaki	1	0	0	1
eksplor	1	0	0	1
eksport	1	0	0	1
ekspres	1	0	0	1
diseram	1	0	0	1
folower	1	0	0	1
diulang	1	1	0	2
foosbal	1	0	0	1
diklaim	1	1	0	2
dikelas	1	0	0	1
brodway	1	0	0	1
galileo	1	0	0	1
brocoli	1	0	0	1
difinah	1	0	0	1
difteri	1	0	0	1
british	1	0	0	1
digagas	1	0	0	1
brigade	1	0	0	1
dijilat	1	0	0	1
brewing	1	0	0	1
gamelan	1	0	0	1
dijejer	1	0	0	1
dijegal	1	0	0	1
brantas	1	0	0	1
gandeng	1	1	0	2
gangter	1	0	0	1
dikemas	1	0	0	1
dikolam	1	0	0	1
gateway	1	0	0	1
gajelas	1	0	0	1
dilidah	1	1	0	2
bungkam	1	1	0	2
dilesak	1	0	0	1
frisian	1	0	0	1
fusilli	1	0	0	1
bumbuan	1	0	0	1
bulukan	1	0	0	1
dilahap	1	0	0	1
dikutip	1	0	0	1
didepok	1	0	0	1
buffalo	1	0	0	1
didikan	1	0	0	1
diembel	1	0	0	1
bubaran	1	0	0	1
buatkan	1	0	0	1
dikupas	1	0	0	1
gajeboh	1	0	0	1
dijebak	1	0	0	1
brankas	1	0	0	1
didepan	1	0	0	1
dijalan	1	0	0	1
bongkok	1	0	0	1
dihajar	1	0	0	1
bolango	1	0	0	1
dihapus	1	0	0	1
diinput	1	0	0	1
bohongi	1	0	0	1
gersang	1	0	0	1
bodyfit	1	0	0	1
diharap	1	0	0	1
diinjak	1	0	0	1
bocoran	1	0	0	1
gianyar	1	0	0	1
bletoka	1	0	0	1
dihutan	1	0	0	1
dihotel	1	0	0	1
dihisap	1	0	0	1
dihitam	1	0	0	1
diiring	1	0	0	1
dihafal	1	0	0	1
branded	1	0	0	1
diguyur	1	0	0	1
gautama	1	0	0	1
gejerot	1	0	0	1
digajih	1	0	0	1
gejolak	1	0	0	1
dijanji	1	0	0	1
dijaman	1	0	0	1
gelagat	1	0	0	1
geledek	1	0	0	1
general	1	0	0	1
digerak	1	0	0	1
dijalur	1	0	0	1
genflix	1	0	0	1
bouquet	1	0	0	1
booster	1	0	0	1
geologi	1	1	0	2
digusur	1	0	0	1
gerlong	1	0	0	1
framing	1	1	0	2
brengos	1	0	0	1
dilirik	1	1	0	2
diculik	1	0	0	1
dimodel	1	0	0	1
buritto	1	0	0	1
dimerak	1	0	0	1
buronan	1	0	0	1
butcehr	1	0	0	1
didenda	1	0	0	1
buntuts	1	0	0	1
didekor	1	1	0	2
didalam	1	1	0	2
dimulut	1	0	0	1
foreign	1	0	0	1
buntung	1	0	0	1
dilukis	1	0	0	1
formasi	1	0	0	1
busyeng	1	0	0	1
buttler	1	0	0	1
dimassa	1	0	0	1
trimakasih	0	1	0	1
pengedar	0	1	0	1
ditebing	0	1	0	1
faizal	0	0	1	1
dibisa	0	1	0	1
presentation	0	1	0	1
dibumi	0	1	0	1
ditempat	0	1	0	1
dituding	0	1	0	1
cermin	0	1	0	1
kerukunan	0	1	0	1
diplot	0	1	0	1
pospay	0	1	0	1
ksda	0	0	1	1
berhentikan	0	0	1	1
disulap	0	1	0	1
popmie	0	0	1	1
gituw	0	1	0	1
menag	0	0	1	1
centre	0	0	1	1
dikonformasi	0	0	1	1
dikonfirmasi	0	0	2	2
diketinggian	0	1	0	1
modem	0	1	0	1
fiikum	0	1	0	1
ngafe	0	1	0	1
flambe	0	1	0	1
carvajal	0	0	2	2
slice	0	1	0	1
penghobi	0	1	0	1
kuil	0	2	0	2
svd	0	1	0	1
carut	0	1	0	1
kasepuhan	0	1	0	1
galaxygiftid	0	1	0	1
grinningface	0	3	0	3
emat	0	0	1	1
identifikasi	0	0	1	1
ditakuti	0	1	0	1
attentive	0	1	0	1
belok-belok	0	1	0	1
gmana	0	1	0	1
dipenuh	0	0	1	1
intelligence	0	0	1	1
unvailable	0	1	0	1
engine	0	0	1	1
smart	0	1	0	1
phk	0	0	1	1
menta	0	1	0	1
presma	0	1	0	1
europe	0	1	0	1
etiket	0	0	6	6
subur	0	1	0	1
esmosi	0	0	1	1
tumbangken	0	1	0	1
persimpangan	0	1	0	1
risvatin	0	1	0	1
dimedia	0	1	0	1
ketujuh	0	0	1	1
di-email	0	0	1	1
escape	0	1	0	1
erupsi	0	1	0	1
bercirikhas	0	1	0	1
psikotropika	0	1	0	1
kpop	0	0	3	3
flores	0	0	1	1
dimilik	0	1	0	1
kepasar	0	0	1	1
diimpor	0	1	0	1
u23	0	0	1	1
mbk	0	0	1	1
ditekuk	0	0	1	1
diincar	0	1	0	1
mmbli	0	0	1	1
pelangga	0	1	0	1
nikah	0	1	0	1
mami	0	1	0	1
diteken	0	0	1	1
busukkan	0	1	0	1
berinteraksi	0	1	0	1
berlanjut	0	1	0	1
nifas	0	0	1	1
prenatal	0	0	1	1
eyes	0	3	0	3
tawan	0	1	0	1
geunah	0	1	0	1
terselesaikan	0	0	2	2
noods	0	0	1	1
dharma	0	1	0	1
faks	0	1	0	1
langsep	0	1	0	1
picata	0	1	0	1
parabola	0	0	2	2
expresso	0	1	0	1
thumbsdown	0	1	0	1
une	0	1	0	1
kesyangan	0	1	0	1
sharp	0	0	1	1
pilbup	0	1	0	1
pastamya	0	1	0	1
dibebani	0	1	0	1
ttg	0	1	0	1
sioma	0	1	0	1
transferan	0	0	1	1
predikat	0	0	1	1
frozen	0	1	0	1
router	0	1	0	1
domestik	0	1	0	1
ngene	0	0	1	1
bertransaksi	0	0	1	1
berubah-ubah	0	1	0	1
divallet	0	1	0	1
mel	0	1	0	1
profesor	0	2	0	2
fourty	0	1	0	1
cedera	0	0	1	1
purnawirawan	0	1	0	1
disebuah	0	1	0	1
berkarakter	0	1	0	1
dominant	0	1	0	1
dorayaki	0	1	0	1
berjamaah	0	1	0	1
sulut	0	1	0	1
eksplore	0	0	1	1
tsl	0	0	2	2
keilangan	0	0	1	1
berkhayallah	0	1	0	1
dynamite	0	1	0	1
pissan	0	2	0	2
berkepala	0	2	0	2
kowi	0	1	0	1
dinamai	0	0	1	1
reccommended	0	1	0	1
tasty	0	1	0	1
kekampung	0	1	0	1
toz	0	0	1	1
capgomeh	0	1	0	1
casiu	0	1	0	1
perbincangan	0	1	0	1
didekati	0	1	0	1
specs	0	0	1	1
dancow	0	0	1	1
dimuntur	0	1	0	1
oot	0	0	1	1
mengkafirkan	0	0	1	1
badminton	0	0	1	1
rog	0	0	1	1
condimen	0	1	0	1
mengkhianati	0	1	0	1
diubah	0	1	1	2
aman-aman	0	1	0	1
recoment	0	1	0	1
digedein	0	1	0	1
bagi-bagi	0	1	0	1
lesbian	0	1	0	1
dimole	0	1	0	1
coment	0	2	0	2
tercombrangn	0	1	0	1
dikubu	0	1	0	1
s46	0	1	0	1
dollar	0	2	0	2
doktor	0	1	0	1
15074001951	0	1	0	1
kecepetan	0	1	0	1
rapper	0	0	1	1
rasain	0	0	1	1
dinihari	0	0	1	1
edit	0	1	0	1
spent	0	0	1	1
babakaran	0	1	0	1
dinegeri	0	1	0	1
perpohon	0	1	0	1
ruh	0	0	1	1
spinx	0	1	0	1
mengorbankan	0	0	2	2
dirapat	0	1	0	1
gorng	0	1	0	1
overcapacity	0	1	0	1
pur	0	1	0	1
rendos	0	1	0	1
dilalap	0	0	1	1
rendra	0	1	0	1
kelambu	0	1	0	1
loka	0	1	0	1
pisahkan	0	1	0	1
dikabuli	0	1	0	1
laur	0	1	0	1
mouse	0	0	1	1
balairung	0	0	1	1
crispi	0	1	0	1
rajawali	0	1	0	1
mouth	0	1	0	1
diliput	0	1	0	1
okm	0	0	1	1
dadeng	0	1	0	1
aksi-aksi	0	2	0	2
converse	0	1	0	1
ri1	0	0	1	1
bank-bank	0	0	1	1
kpopers	0	0	1	1
dikulkas	0	1	0	1
mihun	0	1	0	1
bangkalan	0	1	0	1
kegagalan	0	1	0	1
ojk	0	1	0	1
create	0	0	1	1
diketuai	0	0	1	1
kedamaian	0	1	1	2
morse	0	0	1	1
rai	0	1	0	1
dandan	0	1	0	1
amenities	0	0	1	1
barakallahu	0	1	0	1
penghadangan	0	1	0	1
penyalur	0	0	1	1
scroll	0	1	0	1
pkk	0	0	1	1
crazy	0	0	1	1
smi	0	1	1	2
beralasan	0	0	1	1
ampitheater	0	1	0	1
direndam	0	0	1	1
pepsoden	0	1	0	1
cineflex	0	1	0	1
rinnai	0	0	1	1
cintai	0	1	0	1
e-mail	0	0	2	2
mataharimall	0	1	0	1
didenger	0	0	1	1
kuya	0	0	1	1
eighty	0	1	0	1
pusaka	0	1	0	1
research	0	1	0	1
ellena	0	0	1	1
crown	0	1	0	1
chizza	0	0	1	1
czennies	0	1	0	1
dishare	0	0	1	1
search	0	0	1	1
standarisasi	0	1	0	1
kebasahan	0	1	0	1
didi	0	1	0	1
maco	0	0	1	1
kemunafiqkan	0	1	0	1
cikijing	0	1	0	1
lipatan	0	0	1	1
penyelesaian	0	0	1	1
linting	0	1	0	1
nek	0	0	1	1
perbulan	0	1	0	1
sarimi	0	1	0	1
cipratan	0	1	0	1
komenin	0	1	0	1
nii	0	0	1	1
menentramkan	0	1	0	1
lillahi	0	1	0	1
kecapekan	0	1	0	1
closed	0	0	1	1
kelelawar	0	0	1	1
spasi	0	2	1	3
sbg	0	1	0	1
dikatan	0	1	0	1
citibank	0	1	0	1
dikebut	0	1	0	1
regulasi	0	0	1	1
baanyaakk	0	1	0	1
pmo	0	0	1	1
duplex	0	1	0	1
rakjel	0	1	0	1
ayun-ayun	0	1	0	1
satria	0	0	1	1
shu	0	1	0	1
lita	0	1	0	1
diansyah	0	0	1	1
rajasa	0	1	0	1
menangguhkan	0	0	2	2
belepotan	0	0	1	1
takwa	0	1	0	1
pergelas	0	1	0	1
lawakan	0	1	0	1
dikaca	0	1	0	1
rambak	0	1	0	1
direksi	0	0	1	1
pemohon	0	0	1	1
pedang	0	1	0	1
setua	0	0	1	1
mengulur	0	0	1	1
mengudut	0	1	0	1
kirimlah	0	1	0	1
ngulang-ngulang	0	0	1	1
kirimkan	0	1	0	1
digeruduk	0	1	0	1
nm	0	0	1	1
lailah	0	1	0	1
penandatanganan	0	1	0	1
digembosi	0	1	0	1
resro	0	1	0	1
ipuh	0	0	1	1
pikun	0	1	0	1
different	0	0	1	1
kewangan	0	0	1	1
diduetkan	0	1	0	1
isco	0	0	2	2
nabati	0	0	1	1
menjorok	0	1	0	1
didisplay	0	1	0	1
kslhan	0	0	1	1
kerugian	0	1	1	2
filet	0	1	0	1
mengubah	0	1	0	1
ip4s	0	0	1	1
phone	0	0	1	1
dsini	0	1	0	1
gampang-gampang	0	1	0	1
gontok-gontokan	0	1	0	1
qr	0	1	0	1
mengerek	0	1	0	1
exibition	0	1	0	1
kroncong	0	1	0	1
regis	0	0	1	1
pm	0	1	0	1
mpulin	0	1	0	1
keluhan-keluhan	0	0	1	1
febri	0	0	1	1
dihalangi	0	1	0	1
pd	0	0	3	3
muatan	0	1	0	1
inna	0	2	0	2
legion	0	0	1	1
helping	0	1	0	1
melempar-lempar	0	1	0	1
hermina	0	0	3	3
os	0	0	1	1
mengamati-amati	0	1	0	1
kramat	0	0	1	1
naikin	0	1	0	1
mentimun	0	1	0	1
nctzen	0	0	1	1
k9	0	0	1	1
jw	0	1	0	1
finalis	0	0	1	1
kircon	0	1	0	1
kirain	0	0	1	1
nestle	0	0	1	1
kincir	0	1	0	1
fitri	0	0	1	1
kimchi	0	1	0	1
pedia	0	0	3	3
idebtik	0	1	0	1
keleveru	0	0	1	1
robot	0	0	2	2
kelereng	0	1	0	1
fotogenik	0	1	0	1
ngayal	0	1	0	1
dibatesin	0	0	1	1
khasan	0	1	0	1
menggantungkan	0	1	0	1
menomorsatukan	0	0	1	1
menyelundupkan	0	1	0	1
ditandatangani	0	0	1	1
firstwkan	0	1	0	1
m1	0	0	1	1
kemnaker	0	0	1	1
ricuh	0	0	1	1
dicirikan	0	1	0	1
berganti-ganti	0	1	0	1
hormone	0	1	0	1
ithb	0	1	0	1
kepergok	0	1	0	1
kepengin	0	1	0	1
rinci	0	0	1	1
menyamai	0	0	1	1
berlarut-larut	0	0	1	1
rinso	0	0	1	1
dibutakan	0	0	1	1
komedi	0	0	1	1
bersilaturahmi	0	1	0	1
menyemen	0	1	0	1
kr	0	1	0	1
kp	0	1	0	1
donut	0	1	0	1
kk	0	0	1	1
nathan	0	1	0	1
pelan	0	1	0	1
diiringan	0	1	0	1
lindas	0	1	0	1
flazz	0	0	1	1
ditengah-ditengah	0	2	0	2
pertanggungjawaban	0	0	1	1
rendrabudisetiawan	0	1	0	1
bajingan-bajingan	0	1	0	1
prabu	0	1	0	1
disanding	0	0	1	1
bertahun-bertahun	0	0	1	1
etapi	0	1	0	1
diumumkan	0	0	1	1
maskan	0	1	0	1
direkomaendasikan	0	1	0	1
dirancang	0	1	0	1
gabener	0	1	0	1
memanfat	0	0	1	1
dirambati	0	1	0	1
huft	0	0	1	1
gelaran	0	0	1	1
ewwww	0	1	0	1
mantra	0	1	0	1
mantel	0	1	0	1
emina	0	1	0	1
merica	0	2	0	2
hdmi	0	1	0	1
disatukan	0	1	0	1
menpar	0	0	1	1
mavcam	0	1	0	1
ditimbang	0	1	0	1
membut	0	1	0	1
twitter.com/cinema21/statu	0	1	0	1
backhandindexpointingdown	0	1	0	1
memata	0	1	0	1
dispenser	0	0	5	5
disingkat	0	1	0	1
ditanggal	0	1	0	1
mbanking	0	0	1	1
hoax	0	1	0	1
penelitian-penelitian	0	1	0	1
perusahaan-perusahaan	0	0	1	1
menari	0	1	0	1
alhamdulillahirrabil	0	0	1	1
smilingfacewithheart	0	3	0	3
getaway	0	1	0	1
disekolah	0	1	0	1
pendukung-pendukung	0	0	1	1
manurung	0	1	0	1
prioritas-prioritas	0	1	0	1
medali	0	0	1	1
ballotboxwithcheck	0	1	0	1
dipelosok	0	1	0	1
drumstick	0	2	0	2
duduknyaa	0	1	0	1
berkata-berkata	0	0	1	1
fails	0	1	0	1
lenggang	0	1	0	1
bioskop-bioskop	0	0	1	1
gamasuk	0	1	0	1
mengacak	0	0	1	1
lowfat	0	0	1	1
cengeh-cengehan	0	0	1	1
raski	0	1	0	1
pirin	0	1	0	1
modric	0	0	2	2
mengapit	0	1	0	1
s8	0	0	4	4
s6	0	0	1	1
s5	0	0	1	1
s4	0	0	1	1
mengasah	0	0	1	1
dikirim-dikirim	0	0	1	1
momogi	0	0	2	2
dipertandingkan	0	0	1	1
farid	0	1	0	1
mengecap	0	0	1	1
piter	0	2	0	2
ranah	0	2	0	2
maluku	0	0	1	1
ramos	0	0	2	2
malaka	0	1	0	1
setengah-setengah	0	0	1	1
ve	0	1	0	1
meyewa	0	0	1	1
haul	0	1	0	1
menampik	0	1	0	1
gaperlu	0	0	1	1
mainin	0	1	0	1
hak-hak	0	0	1	1
rakor	0	0	1	1
diperjualbelikan	0	1	0	1
edgar	0	1	0	1
ebiet	0	0	1	1
ecommerce	0	1	0	1
lidahlah	0	1	0	1
pixel	0	1	0	1
menyelenggarakan	0	0	2	2
prtnggungjawaban	0	0	1	1
eliminasi	0	0	1	1
batagor-batagor	0	1	0	1
berfoya-berfoya	0	1	0	1
kesian	0	0	1	1
hi	0	1	0	1
insyallah	0	1	0	1
deals	0	0	1	1
hunian	0	0	1	1
official	0	0	1	1
grabbike	0	1	0	1
huawei	0	0	1	1
menghanguskan	0	0	1	1
gorengya	0	1	0	1
gondrong	0	1	0	1
hotman	0	1	0	1
mao	0	1	0	1
bookingan	0	2	0	2
bola-bola	0	1	0	1
sedep	0	2	0	2
senda	0	1	0	1
pelari	0	1	0	1
karpito	0	0	1	1
blueheart	0	1	0	1
blablabla	0	1	0	1
hijrah	0	0	1	1
pemkab	0	0	1	1
gengster	0	1	0	1
nyiru	0	1	0	1
gemaskan	0	1	0	1
greeting	0	1	0	1
broadcast	0	0	1	1
drakula	0	1	0	1
gebuk	0	1	0	1
hawaiian	0	2	0	2
ngohiang	0	1	0	1
harganua	0	1	0	1
3i	0	0	1	1
nilailah	0	1	0	1
iniihh	0	0	1	1
herritage	0	1	0	1
in-nya	0	0	1	1
e-money	0	0	1	1
kalilki	0	1	0	1
lancar-lancar	0	0	1	1
kampiun	0	1	0	1
ilayhi	0	1	0	1
kedi	0	1	0	1
partey	0	1	0	1
gurusina	0	0	1	1
hydrococo	0	0	1	1
nusantra	0	1	0	1
pascal	0	1	0	1
hybrid	0	0	1	1
huufft	0	1	0	1
hektar	0	1	0	1
hectic	0	1	0	1
hawaii	0	2	0	2
nuget	0	1	0	1
why	0	0	1	1
hadits	0	1	0	1
permit	0	0	1	1
hadeuh	0	0	1	1
habieb	0	1	0	1
wdp	0	0	1	1
haagen	0	1	0	1
inovasiin	0	0	1	1
kedalem	0	1	0	1
djadoel	0	1	0	1
guides	0	0	1	1
groups	0	1	0	1
freeport	0	0	1	1
setel	0	0	1	1
instruksi	0	0	1	1
tanggungjawab	0	1	0	1
dance	0	0	1	1
pesong	0	1	0	1
teknik-teknik	0	1	0	1
granat	0	1	0	1
berterima	0	2	0	2
permak	0	1	0	1
gambaran	0	1	0	1
gedangan	0	1	0	1
perina	0	0	1	1
haters	0	0	1	1
yan	0	1	0	1
pentol	0	1	0	1
penuhi	0	1	0	1
kiky	0	1	0	1
y71	0	0	1	1
y69	0	1	0	1
hargan	0	1	0	1
kawinan	0	1	0	1
petani-petani	0	1	0	1
pindah-pindah	0	1	0	1
wtp	0	0	1	1
polisi-polisi	0	2	0	2
wtc	0	0	2	2
portorestoran	0	1	0	1
poster-poster	0	1	0	1
nusuk	0	0	1	1
hambok	0	1	0	1
nurut	0	1	0	1
sertu	0	1	0	1
reasonablelah	0	1	0	1
pansos	0	1	0	1
cari-cari	0	1	0	1
diam-diam	0	1	0	1
karate	0	0	2	2
foton	0	1	0	1
minumkan	0	0	1	1
kawula	0	1	0	1
party	0	1	0	1
dp	0	0	1	1
gemerisik	0	1	0	1
exhaust	0	1	0	1
moektito	0	1	0	1
nyahok	0	1	0	1
moeldoko	0	1	0	1
cs	0	0	2	2
isilah	0	1	0	1
jojo	0	1	0	1
paolo	0	0	1	1
kanopi	0	1	0	1
isi-isi	0	0	1	1
kanggo	0	1	0	1
berpunggungan	0	1	0	1
jayapura	0	1	0	1
kancil	0	0	2	2
javaland	0	1	0	1
evening	0	0	1	1
kalibata	0	1	0	1
jiaw	0	1	0	1
informa	0	0	1	1
kelana	0	1	0	1
keesokan	0	2	0	2
mereport	0	0	2	2
diacungin	0	0	1	1
kecapean	0	1	0	1
ditha	0	1	0	1
kepret	0	1	0	1
nikita	0	1	0	1
pause	0	0	1	1
keasaman	0	1	0	1
terberuntungan	0	1	0	1
fatmilo	0	0	1	1
g7	0	0	1	1
disko	0	0	1	1
mewarisi	0	1	0	1
ustadtengkuzul	0	1	0	1
karnivor	0	1	0	1
fanbase	0	1	0	1
nonjob	0	1	0	1
jely	0	1	0	1
f7	0	0	1	1
f5	0	0	1	1
ivoucher	0	0	1	1
gear	0	0	2	2
gagas	0	1	0	1
jengki	0	2	0	2
immature	0	1	0	1
eksklusivitas	0	1	0	1
imigrasi	0	1	1	2
jelata	0	0	1	1
nentukan	0	1	0	1
jebret	0	2	0	2
oympic	0	0	1	1
galon	0	0	2	2
ngangeni	0	1	0	1
ekstrem	0	1	0	1
hendrapriyono	0	1	0	1
jamang	0	1	0	1
54	0	0	1	1
ngedumel	0	1	0	1
jaemin	0	0	1	1
kalian-kalian	0	0	1	1
fuji	0	1	0	1
cebongers	0	1	0	1
helpfully	0	0	1	1
kaarena	0	1	0	1
secup	0	1	0	1
imperial	0	1	0	1
hahahahha	0	1	0	1
diberhentikan	0	0	1	1
jilatan	0	1	0	1
didisampaikan	0	1	0	1
jwaban	0	0	1	1
diintruksikan	0	1	0	1
juri	0	0	1	1
dikirim-kirim	0	0	1	1
jedorin	0	1	0	1
jukung	0	0	1	1
sanex	0	0	1	1
a8	0	0	1	1
cita-cita	0	0	1	1
a1	0	0	2	2
jokowy	0	1	0	1
dipertaruhkan	0	1	0	1
hadapilah	0	1	0	1
hadiahlah	0	0	1	1
hageendas	0	1	0	1
ordrer	0	0	1	1
indohome	0	1	0	1
kain	0	0	1	1
saset	0	0	1	1
89	0	0	1	1
keterusan	0	0	1	1
serena	0	0	1	1
blackpapper	0	1	0	1
bocah-bocah	0	1	0	1
berkelambu	0	1	0	1
sesukanya	0	1	0	1
xiao	0	1	1	2
musibah	0	0	1	1
wamena	0	1	0	1
servicing	0	1	0	1
serundeng	0	1	0	1
khusu	0	1	0	1
shinhan	0	1	0	1
bersahabar	0	1	0	1
cihapit	0	1	0	1
peliharaan	0	1	0	1
bersekolah	0	1	0	1
shampoo	0	0	1	1
poli	0	0	1	1
nahrawi	0	0	2	2
seteran	0	2	0	2
wind	0	1	0	1
2102	0	0	1	1
ketek	0	1	0	1
namjoon	0	1	0	1
bingitzzxz	0	1	0	1
blibli.com	0	0	2	2
berjejeran	0	1	0	1
berjam-jam	0	1	0	1
waitig	0	1	0	1
sindikasi	0	1	0	1
woooooow	0	1	0	1
srawberry	0	1	0	1
springbed	0	1	0	1
anniversay	0	1	0	1
artificial	0	0	1	1
versib	0	1	0	1
kisos	0	1	0	1
smartplus	0	0	1	1
muharam	0	1	0	1
mukulin	0	0	1	1
batikpoker	0	1	0	1
185.379	0	1	0	1
yuke	0	1	0	1
sipirok	0	1	0	1
munafiq	0	1	0	1
yoga	0	0	1	1
inset	0	1	0	1
sinkron	0	0	1	1
shangrila	0	0	1	1
1500046	0	0	3	3
simponi	0	0	1	1
1500600	0	0	1	1
batre	0	0	2	2
weuh	0	1	0	1
were	0	2	0	2
unch	0	1	0	1
wuuiih	0	1	0	1
kepal	0	0	1	1
selling	0	2	0	2
aktifis	0	0	1	1
5box	0	0	1	1
nethink	0	0	1	1
al-liwa	0	1	0	1
selaint	0	0	1	1
allamin	0	0	1	1
celebes	0	1	0	1
saefullah	0	0	1	1
nepatin	0	0	1	1
dijalankan	0	1	1	2
86th	0	1	0	1
rusa-rusa	0	0	1	1
ngekost	0	1	0	1
9017	0	1	0	1
segenap	0	0	1	1
dikangenin	0	1	0	1
yummyy	0	1	0	1
yusril	0	3	0	3
amciang	0	1	0	1
nescafe	0	1	0	1
diawalawal	0	1	0	1
bookingkan	0	0	1	1
chocolatos	0	0	1	1
bootloader	0	0	1	1
bumiwiyata	0	0	1	1
semeliwir	0	1	0	1
ppid	0	0	1	1
serella	0	1	0	1
chiaken	0	1	0	1
800,000	0	1	0	1
chiiiiirrs	0	0	1	1
chirpified	0	1	0	1
seliweran	0	1	0	1
kerta	0	1	0	1
opertional	0	0	1	1
winger	0	1	0	1
vivi	0	0	1	1
350k	0	1	0	1
consulting	0	0	1	1
39rb	0	1	0	1
overcooked	0	1	0	1
400k	0	1	0	1
pskc	0	0	1	1
4500	0	1	0	1
advance	0	0	1	1
wingstop	0	0	1	1
knets	0	1	0	1
sorotan	0	1	0	1
tergabung	0	0	1	1
sestrategis	0	1	0	1
papi	0	1	0	1
torabika	0	0	1	1
4an	0	1	0	1
ilyas	0	1	0	1
image	0	1	0	1
mendorong	0	1	0	1
tawaran	0	1	0	1
430	0	1	0	1
40k	0	1	0	1
merobek	0	1	0	1
ilfil	0	1	0	1
pengkianat	0	1	0	1
trayek	0	1	0	1
kuaci	0	0	1	1
tribun	0	1	0	1
tercantik	0	0	1	1
standartlah	0	1	0	1
tercampur	0	1	0	1
trully	0	0	1	1
terangkat	0	1	0	1
kroos	0	0	1	1
yasin	0	1	0	1
597	0	1	0	1
mie-mie	0	1	0	1
tetutama	0	1	0	1
perbaharui	0	1	0	1
repot-repot	0	1	0	1
mencabuli	0	1	0	1
xiamo	0	0	1	1
885	0	1	0	1
878	0	1	0	1
terkaya	0	0	1	1
ternikmat	0	1	0	1
pait	0	2	1	3
800	0	0	1	1
tfansfer	0	0	1	1
tixpoint	0	0	1	1
terasik	0	0	1	1
merayap	0	1	0	1
teramah	0	1	0	1
mencharge	0	1	0	1
6x8	0	1	0	1
merebus	0	1	0	1
tiketing	0	0	1	1
sekelilingi	0	1	0	1
636	0	0	1	1
tipologi	0	1	0	1
menenpati	0	1	0	1
pengendara	0	1	0	1
vagina	0	1	0	1
modalin	0	1	0	1
1149	0	0	1	1
bello	0	1	0	1
indie	0	0	1	1
unfoll	0	0	1	1
towel-towel	0	0	2	2
transkripsi	0	0	1	1
1250	0	1	0	1
indra	0	1	0	1
1439	0	0	1	1
moctail	0	1	0	1
warganet	0	1	0	1
10th	0	0	1	1
unlock	0	0	1	1
1764	0	0	1	1
sudikerta	0	1	0	1
started	0	1	0	1
wisatawasan	0	1	0	1
upsize	0	1	0	1
claypot	0	1	0	1
6221292655	0	0	1	1
pisa	0	1	0	1
knetz	0	1	0	1
11,9	0	1	0	1
terrokyokan	0	1	0	1
taktala	0	1	0	1
unfollow	0	1	0	1
yutub	0	1	0	1
tenggelem	0	0	1	1
kppod	0	1	0	1
koyah	0	0	1	1
tengelamkan	0	1	0	1
belur	0	1	0	1
pengeditan	0	0	1	1
tercustomer	0	1	0	1
tebuireng	0	1	0	1
swisbel	0	1	0	1
penganiaya	0	1	0	1
variabel	0	1	0	1
suwandi	0	0	1	1
tanribali	0	1	0	1
tanggepin	0	0	1	1
2.5	0	0	1	1
upayakan	0	1	0	1
support	0	1	0	1
uchiwa	0	1	0	1
udaran	0	1	0	1
penerbitan	0	1	0	1
compare	0	1	0	1
menyambar	0	1	0	1
abai	0	1	0	1
sedekat	0	1	0	1
smlm	0	1	0	1
pangsek	0	0	1	1
posmail	0	1	0	1
pos-pos	0	1	0	1
romi	0	0	1	1
jd.id	0	1	0	1
kemusrikan	0	1	0	1
atlit	0	0	1	1
panyili	0	1	0	1
paparan	0	0	1	1
bapo	0	1	0	1
keseharian	0	1	0	1
penciuman	0	1	0	1
ngedenger	0	0	1	1
menekankan	0	0	1	1
alves	0	0	1	1
plesbol	0	1	0	1
kesultanan	0	1	0	1
plecing	0	1	0	1
ketandusan	0	0	1	1
pemanasan	0	1	0	1
asas	0	0	1	1
boutiqe	0	1	0	1
pangkat	0	1	0	1
breaker	0	1	0	1
ketolongan	0	0	1	1
benzema	0	0	2	2
andi	0	1	0	1
menggubris	0	0	1	1
belilah	0	1	0	1
kantonglah	0	1	0	1
rina	0	1	0	1
babad	0	1	0	1
pengakuan	0	1	0	1
apbi	0	0	1	1
menggambar	0	1	0	1
agoda	0	0	1	1
kecerdikan	0	0	1	1
pendaftar	0	0	1	1
beracun	0	1	0	1
kecurangan	0	1	0	1
stia	0	1	0	1
kedaluarsa	0	0	1	1
kagol	0	0	1	1
penegakan	0	0	1	1
apps	0	1	0	1
kadin	0	1	0	1
mengembang	0	1	0	1
kekompakan	0	1	0	1
jedor	0	1	0	1
rsup	0	0	1	1
supa	0	1	0	1
arion	0	1	0	1
norwegian	0	1	0	1
nurhaliza	0	0	1	1
sctv	0	0	2	2
anniv	0	1	0	1
jokwi	0	1	0	1
mayonnaise	0	1	0	1
nusyirwan	0	1	0	1
saur	0	1	0	1
pemeluk	0	1	0	1
bodilah	0	1	0	1
operating	0	1	0	1
perkara	0	1	1	2
memecahkan	0	1	0	1
olimpiade	0	0	1	1
bobodoh	0	1	0	1
memanaskan	0	1	0	1
biodata	0	0	1	1
memasarkan	0	0	1	1
ayat	0	1	0	1
ayem	0	0	1	1
observasi	0	1	0	1
membooking	0	1	0	1
pamekasan	0	1	0	1
lumayanlan	0	1	0	1
kokokrunch	0	0	1	1
koordinasi	0	1	0	1
kolestorel	0	1	0	1
ruah	0	1	0	1
komentator	0	0	1	1
kondisikan	0	1	0	1
konentator	0	1	0	1
konformasi	0	0	1	1
ngemplang	0	0	1	1
mendapakan	0	1	0	1
jegal	0	1	0	1
ninggalin	0	1	0	1
pelatih	0	0	4	4
pangalima	0	1	0	1
menangkeun	0	1	0	1
pantengin	0	0	1	1
sere	0	1	0	1
andre	0	1	0	1
leadership	0	1	0	1
pesimis	0	0	1	1
booking	0	0	1	1
josua	0	1	0	1
anggu	0	1	0	1
lingkarkan	0	0	1	1
rakkyat	0	1	0	1
beletok	0	1	0	1
ujar	0	1	0	1
menyelesai	0	0	1	1
promotion	0	0	2	2
nominal	0	1	2	3
raji	0	1	0	1
atheist	0	2	0	2
dispensasi	0	1	0	1
toni	0	0	1	1
beta	0	0	1	1
populeran	0	1	0	1
nurjati	0	0	1	1
samalam	0	1	0	1
merinding	0	0	1	1
canggih	0	1	1	2
tjoy	0	0	1	1
bese	0	1	0	1
nyembah	0	1	0	1
14.30	0	1	0	1
sadikin	0	0	1	1
obattan	0	1	0	1
kaset	0	0	1	1
menyandera	0	1	0	1
rundown	0	1	0	1
menyandang	0	0	1	1
direktorat	0	0	1	1
provikasi	0	1	0	1
epicentrum	0	0	1	1
dipajakkin	0	1	0	1
mokodompit	0	1	0	1
ampunan	0	1	0	1
mienyabeda	0	1	0	1
abud	0	1	0	1
andhika	0	0	1	1
putu	0	1	0	1
06.46	0	0	1	1
menyimpan	0	1	0	1
saufika	0	0	1	1
twrp	0	0	1	1
meremehkan	0	1	0	1
1.281	0	1	0	1
dipanegoro	0	1	0	1
satisfy	0	1	0	1
dipasarkan	0	1	0	1
merapatkan	0	1	0	1
tube	0	1	0	1
puppeteer	0	1	0	1
menyindir	0	2	0	2
diperjelas	0	0	1	1
menzolimi	0	1	0	1
dipilihkan	0	1	0	1
berh	0	0	1	1
17.48	0	0	1	1
penistaan	0	1	0	1
ravioli	0	1	0	1
muja-muja	0	0	1	1
rekanan	0	0	1	1
outbond	0	1	0	1
alun	0	2	0	2
refresh	0	1	0	1
53org	0	1	0	1
indosatlah	0	1	0	1
records	0	0	1	1
reality	0	1	0	1
beatles	0	2	0	2
penyintas	0	1	0	1
organik	0	2	0	2
integrated	0	0	1	1
99359	0	1	0	1
penyiaran	0	0	2	2
bebagai	0	1	0	1
rasahya	0	1	0	1
menghayati	0	1	0	1
ranjang	0	1	0	1
rich	0	1	0	1
broiler	0	1	0	1
adams	0	0	1	1
bateray	0	1	0	1
tawa	0	2	0	2
microwave	0	1	0	1
beku	0	2	0	2
rooming	0	0	2	2
menunaikan	0	0	1	1
pertokoan	0	1	0	1
pertahana	0	1	0	1
fetotermal	0	0	1	1
olympia	0	1	0	1
robotic	0	0	1	1
frappucino	0	1	0	1
menjijikan	0	2	0	2
riwayat	0	1	0	1
karni	0	1	0	1
barcode	0	1	0	1
teru	0	1	0	1
2.499	0	1	0	1
tera	0	1	0	1
greenheart	0	1	0	1
beet	0	1	0	1
meniikmati	0	1	0	1
perijinan	0	0	1	1
resonan	0	1	0	1
perfilman	0	0	1	1
percaloan	0	0	1	1
rekamjejaka	0	1	0	1
menangken	0	1	0	1
tertuang	0	0	1	1
masunda	0	1	0	1
sesukses	0	1	0	1
lgbt-lgbt	0	1	0	1
liga-liga	0	0	1	1
lindungan	0	1	0	1
hiv	0	1	0	1
balogo	0	0	1	1
setiawan	0	1	0	1
justifikasi	0	1	0	1
kadaluwarsa	0	0	1	1
kafir-kafir	0	1	0	1
balada	0	1	0	1
siarin	0	0	1	1
simalakama	0	0	1	1
kaldu-kaldu	0	1	0	1
sindir	0	1	0	1
shandoro	0	0	1	1
beringin	0	1	0	1
tncfu	0	1	0	1
bajawa	0	0	1	1
sibangkong	0	1	0	1
bacaan	0	0	1	1
sirkus	0	1	0	1
investigasi	0	0	1	1
banser	0	1	0	1
kedipilihan	0	1	0	1
cust	0	0	1	1
seunik	0	1	0	1
baznas	0	1	0	1
statistika	0	0	1	1
manuver	0	1	0	1
shalih	0	1	0	1
imd	0	0	1	1
mnit	0	0	1	1
iko	0	0	1	1
launching	0	0	1	1
shaver	0	1	0	1
sheila	0	0	1	1
buloh	0	1	0	1
hewan-hewan	0	0	1	1
baruan	0	1	0	1
hujan-hujan	0	1	0	1
marcelo	0	0	2	2
shinta	0	1	0	1
barito	0	1	0	1
lazadians	0	0	1	1
berkutik	0	1	0	1
smartphone	0	0	2	2
buluh	0	1	0	1
awhile	0	1	0	1
author	0	0	1	1
eropa-eropa	0	1	0	1
begituan	0	0	1	1
bryan	0	0	1	1
tress	0	1	0	1
anggun	0	0	1	1
nako	0	0	1	1
kusut-kusut	0	1	0	1
source	0	0	1	1
nalu	0	1	0	1
loyal	0	1	0	1
benamkan	0	1	0	1
melebih	0	0	1	1
ambruk	0	1	0	1
corp	0	1	0	1
melejit	0	1	0	1
napa	0	1	0	1
steven	0	1	0	1
diblang	0	0	1	1
barengan	0	1	0	1
barakuda	0	1	0	1
maintenance	0	1	0	1
brast	0	1	0	1
sasirangan	0	0	1	1
sasarengan	0	1	0	1
kontemporer	0	1	0	1
dicatat	0	0	1	1
mufg	0	1	0	1
simonyet	0	1	0	1
muji	0	1	0	1
luput	0	1	0	1
gmb	0	1	0	1
skrang	0	1	0	1
liverpool	0	1	0	1
mayones	0	0	1	1
asirun	0	1	0	1
keluargalah	0	1	0	1
gea	0	1	0	1
berdarah	0	0	1	1
kenikmatann	0	1	0	1
kode-kodean	0	0	1	1
mejelek	0	0	1	1
gak	0	1	0	1
luluh	0	1	0	1
kesenjangan	0	0	1	1
semarakkan	0	1	0	1
tower	0	0	1	1
lugas	0	1	0	1
berandal	0	1	0	1
fon	0	0	1	1
luncurkan	0	1	0	1
ip7	0	0	2	2
thinq	0	0	1	1
sasambelan	0	1	0	1
tergelitik	0	1	0	1
terjangjau	0	1	0	1
secerdas	0	1	0	1
botani	0	0	1	1
secutiry	0	1	0	1
marut	0	1	0	1
dazs	0	1	0	1
kirandita	0	1	0	1
boolat	0	1	0	1
dharmasraya	0	1	0	1
dianggurkan	0	1	0	1
tempa	0	2	0	2
binasaah	0	0	1	1
bokong	0	0	2	2
digapai	0	1	0	1
dati	0	1	0	1
sekardus	0	0	1	1
kom	0	1	0	1
bnayak	0	1	0	1
cabor	0	0	1	1
sepele	0	2	1	3
mapan	0	1	0	1
sepeti	0	0	1	1
lau	0	1	0	1
masid	0	1	0	1
kmd	0	3	0	3
burkan	0	1	0	1
marx	0	0	1	1
booking.com	0	0	1	1
mayan	0	0	1	1
sarijadi	0	1	0	1
luv	0	0	2	2
bypass	0	1	0	1
busway	0	1	0	1
bulan-bulan	0	0	1	1
ketinggal	0	0	1	1
terpending	0	0	1	1
tegak	0	1	0	1
lex	0	0	1	1
mahfudz	0	1	0	1
capek-capek	0	0	1	1
saumlaki	0	0	1	1
matai	0	1	0	1
bleweran	0	0	1	1
brutal	0	1	0	1
chibi-chibi	0	1	0	1
seluas	0	1	0	1
makanin	0	0	1	1
sebaskom	0	1	0	1
blibli	0	0	1	1
biznet	0	1	0	1
begana	0	1	0	1
heboh	0	1	1	2
tagliatety	0	1	0	1
diprovokasi	0	1	0	1
koreabuys	0	1	0	1
mido	0	0	1	1
berati	0	1	0	1
discontinue	0	0	1	1
disekitaran	0	1	0	1
berpunca	0	0	1	1
miko	0	1	0	1
mild	0	1	0	1
sudarmawan	0	1	0	1
diperangkap	0	1	0	1
submission	0	0	1	1
thanx	0	1	0	1
mint	0	1	0	1
berontak	0	2	0	2
bernalar	0	1	0	1
behina	0	0	1	1
setres	0	1	0	1
diunggulkan	0	1	0	1
diwawancara	0	1	1	2
djembarsari	0	0	1	1
dipindahkan	0	1	0	1
semanggi	0	0	1	1
biskop	0	1	0	1
saku	0	1	0	1
maldini	0	0	1	1
bertugas	0	1	0	1
kis	0	0	1	1
diinformasi	0	0	1	1
kim	0	1	0	1
kih	0	1	0	1
binong	0	1	0	1
ken	0	0	1	1
sereha	0	1	0	1
dikreasikan	0	1	0	1
keb	0	1	0	1
bersuara	0	1	0	1
dilampirkan	0	0	1	1
sergio	0	0	1	1
serial	0	1	0	1
mania	0	0	1	1
bimtek	0	0	1	1
diluncurkan	0	0	1	1
konfrensi	0	1	0	1
kai	0	1	0	1
diencer	0	1	0	1
dinausaurus	0	1	0	1
bantahan	0	1	0	1
neck	0	1	0	1
menambang	0	1	0	1
uninstall	0	0	2	2
danging	0	1	0	1
visitor	0	1	0	1
chan	0	1	0	1
vipassana	0	1	0	1
bilas	0	0	1	1
once	0	1	1	2
pemanfaatan	0	0	1	1
menduga	0	1	0	1
chai	0	1	0	1
cepy	0	0	1	1
pemblokiran	0	0	1	1
wallpaper	0	0	1	1
ayi	0	0	1	1
pembohongan	0	1	0	1
axe	0	1	0	1
ultramilk	0	0	1	1
menetes	0	1	0	1
oppa	0	1	0	1
danamon	0	1	0	1
teriakin	0	1	0	1
terikuti	0	1	0	1
udahlah	0	0	1	1
pokokanyak	0	0	1	1
poliklinik	0	0	1	1
traveling	0	0	1	1
vinyl	0	0	1	1
zupa-zupa	0	1	0	1
menangi	0	1	0	1
medeteksi	0	0	1	1
nickelodeon	0	1	0	1
whooper	0	1	0	1
tangki	0	1	0	1
vidio	0	1	0	1
mejelekin	0	0	1	1
obat-obatan	0	0	1	1
huruf	0	2	0	2
xpresound	0	0	1	1
bdo	0	0	2	2
oknum-oknum	0	1	0	1
leatk	0	1	0	1
terapkan	0	0	1	1
deangan	0	1	0	1
wikileaks	0	1	0	1
welcoming	0	1	0	1
taxmin	0	0	1	1
dealova	0	0	1	1
de3ngan	0	1	0	1
dawegan	0	1	0	1
perpajakan	0	0	1	1
twrlalu	0	1	0	1
tengahan	0	1	0	1
things	0	0	1	1
tiket.com	0	0	7	7
ovet	0	0	1	1
tetlalu	0	1	0	1
pertolongan	0	1	0	1
ags	0	1	0	1
tersayat	0	1	0	1
terseyum	0	1	0	1
aer	0	1	0	1
theist	0	1	0	1
probolinggo	0	1	0	1
labil	0	1	0	1
lainn	0	0	1	1
tersimpan	0	0	1	1
tersentuh	0	0	1	1
purpleheart	0	1	0	1
tigkat	0	1	0	1
tersediri	0	1	0	1
abs	0	1	0	1
timbal	0	1	0	1
tersantun	0	1	0	1
tertiup	0	1	0	1
teroria	0	1	0	1
perhotelan	0	1	0	1
oven	0	1	0	1
turutan	0	1	0	1
apl	0	0	1	1
pengharapan	0	0	1	1
penghematan	0	1	0	1
pengrusakan	0	1	0	1
pengunduran	0	0	1	1
terjawab	0	2	0	2
tsunami	0	1	0	1
truffel	0	1	0	1
transport	0	0	1	1
arb	0	1	0	1
transmart	0	1	2	3
membatasi	0	0	1	1
lalab	0	1	0	1
tottenham	0	1	0	1
traffic	0	1	0	1
percontohan	0	1	0	1
anu	0	1	0	1
tourist	0	1	0	1
terbit	0	0	2	2
enzim	0	1	0	1
perjumpaan	0	1	0	1
tiramissu	0	2	0	2
whole	0	1	0	1
nanti-nanti	0	0	1	1
mcdonalds	0	1	0	1
akurat	0	2	0	2
arkeolog	0	1	0	1
meliput	0	1	0	1
sumpit	0	2	0	2
ngok	0	1	0	1
coke	0	0	1	1
menempatkan	0	1	0	1
nicu	0	0	1	1
restourant	0	2	0	2
dil	0	0	1	1
aromanis	0	1	0	1
nies	0	1	0	1
reschedule	0	1	0	1
attitude	0	0	1	1
coel	0	1	0	1
day	0	1	0	1
dat	0	0	1	1
mengamankan	0	1	0	1
code	0	1	0	1
mengasihani	0	1	0	1
cleo	0	1	0	1
untuj	0	1	0	1
marketing	0	1	1	2
suryamal	0	1	0	1
absurd	0	0	1	1
sumbut	0	1	0	1
25.497	0	1	0	1
speaking	0	0	1	1
megalitikum	0	0	1	1
styles	0	0	1	1
turki	0	1	0	1
melayangkan	0	0	1	1
suatau	0	1	0	1
sambungkan	0	1	0	1
memberangus	0	1	0	1
melewat	0	1	0	1
bakuteha	0	1	0	1
tutul	0	0	1	1
aheyyy	0	1	0	1
stevejob	0	0	1	1
neon	0	1	0	1
nest	0	3	0	3
bowls	0	1	0	1
awersome	0	1	0	1
starwars	0	1	0	1
twist	0	1	0	1
colt	0	1	0	1
memprediksi	0	2	0	2
lncar	0	0	1	1
memulangkan	0	0	1	1
253360	0	0	1	1
ambulans	0	1	0	1
muluk-muluk	0	0	1	1
youngle	0	0	1	1
c59	0	1	0	1
bxb	0	0	1	1
valen	0	1	0	1
zealand	0	1	0	1
menyerahkan	0	1	0	1
tabung	0	0	1	1
tayangan	0	0	1	1
acapella	0	1	0	1
valid	0	1	0	1
yusmada	0	0	1	1
obmo	0	1	0	1
vaisi	0	1	0	1
yogurts	0	1	0	1
lekuk	0	1	0	1
takkan	0	0	1	1
yanglek	0	0	1	1
mayarakat	0	1	0	1
mikir-mikir	0	1	0	1
default	0	1	0	1
odol	0	0	1	1
wkwkkwk	0	0	1	1
block	0	0	1	1
menyanyikan	0	1	0	1
uwais	0	0	1	1
crc	0	1	0	1
swarga	0	1	0	1
coz	0	1	0	1
24,000	0	1	0	1
recomended	0	1	0	1
dialasi	0	2	0	2
suster	0	0	1	1
com	0	1	2	3
menghendaki	0	1	0	1
proud	0	1	0	1
mengikutkan	0	0	1	1
cih	0	1	0	1
alkateri	0	1	0	1
tarveler	0	1	0	1
nova	0	0	1	1
nuvo	0	1	0	1
switch	0	0	1	1
cfc	0	1	0	1
akuisisi	0	1	0	1
meninggikan	0	0	1	1
nyus	0	2	0	2
quesadilas	0	1	0	1
cas	0	1	0	1
mensponsori	0	1	0	1
gilalah	0	1	0	1
